10750
2707
9747
10441
4887
259
5015
2698
2821
1849
3072
1106
11669
1522
7633
4728
339
2760
11609
6057
8766
10822
5473
7661
2857
7354
6261
2891
1423
1503
4234
7628
5624
5523
6727
10606
6544
11670
7288
205
7456
6622
5905
4066
5299
3703
5475
5421
9340
10984
4060
3015
3398
511
2570
1123
2393
3470
4462
4516
11835
12116
1665
4348
8245
10222
9517
7311
8351
7971
5203
6234
6370
8511
8944
8491
753
5189
1429
3478
483
9043
9032
8984
4169
3845
11319
791
3648
2634
6061
3918
9662
1207
7758
2647
3818
1040
9139
7846
2610
10060
11179
4296
2342
553
2159
1859
9079
7817
11995
5393
11484
8370
8372
6260
7248
6965
2656
6360
2733
11488
1638
2480
8581
6746
3592
9966
6381
5784
8053
7720
9714
2826
3019
9780
5791
4385
9402
7815
7113
3716
10587
11330
2629
8940
4398
3259
2970
10302
2721
8059
8652
2193
6644
18
11499
7410
6919
3939
7904
4483
11744
54
6765
2966
5488
11838
4925
2953
12167
8011
10032
6078
7867
3015
5496
8018
9660
49
6189
3928
7234
2427
11860
1578
6604
7578
2321
478
7876
2730
5996
6626
11328
10270
4967
8350
784
9927
9854
7397
10345
127
5554
6435
10334
4902
11971
7038
5404
5554
5374
10983
6527
9190
2325
3233
6020
1619
12295
5772
7890
11344
2143
2637
3165
10201
1574
6849
2459
8663
10386
4620
4923
11634
2123
695
8283
6455
4033
2698
7835
2148
11872
2455
10621
8975
4908
7869
12247
6667
6432
8461
3906
6765
3022
1042
12174
2464
10043
11340
4106
7887
4271
7990
2729
3185
7849
4772
362
1421
11969
11079
6809
8120
3223
6992
6805
5227
11902
7581
8454
7545
1835
6399
2091
8242
10017
10776
843
110
7450
3896
6110
9943
1548
10263
7674
12027
5632
1813
6948
8159
7571
7906
12323
7467
9336
1470
6165
12278
1300
5272
9688
8440
6103
5499
7547
2261
8281
10413
6985
6879
6308
7390
6058
7338
227
8590
7546
11858
4009
3155
191
9435
10585
9775
11160
1904
4149
7123
10622
11683
714
2331
8930
1950
5622
9222
6123
6669
10284
10681
1036
12328
7304
706
11150
11266
5462
2992
968
9891
7296
6325
10528
9410
2972
276
11604
7783
10376
5613
4009
9676
1772
9817
10107
8069
5338
11140
9337
6716
4766
8311
8801
596
1682
113
12136
8657
8400
2364
12101
10974
2199
11741
11251
3416
6
3422
11694
2056
217
8452
8287
7517
10444
31
133
7645
3782
12305
7810
10536
7069
5309
11947
8239
12196
1563
6411
9813
5688
89
9730
6919
9732
4863
10574
6707
10288
11837
8992
7499
1007
5260
4348
2056
12057
1525
4396
6795
11092
11345
5818
1231
2887
2806
3868
6335
11233
5909
10855
2012
5494
4419
4233
8202
1938
10842
1826
2338
10463
5502
4788
1388
8492
3307
6511
3948
4166
11396
4708
356
8292
9845
2067
6256
5373
4945
10963
8689
255
979
6039
6744
6803
9913
6579
1765
685
11240
6865
8729
5673
8283
6445
11091
5935
11131
1606
23
529
1642
5265
6020
4262
11639
11046
3820
11685
3356
9688
789
6633
5047
3127
9043
5429
5305
8248
4770
8088
9794
2656
2822
648
6468
8654
6979
4239
7994
11746
10192
3492
7697
4101
7699
1475
7721
9422
2312
11501
12213
893
4932
5092
8273
2304
11278
10341
9
10493
394
4382
6469
8443
11617
6809
330
7731
9420
6231
2377
2311
8104
9541
6266
1790
617
11835
12238
11920
6470
6074
9118
4961
7341
5591
3397
8641
3467
12292
6293
797
6269
2808
616
1056
9925
12219
1628
6135
1574
450
6453
3555
7923
10444
7961
2062
6327
6329
11079
8025
11607
10848
10163
3339
10908
926
9985
4384
1278
136
3402
538
1293
8636
9656
12331
8356
6573
134
3820
5453
2555
11807
12175
1815
9900
9449
3107
11649
8220
10574
3140
4168
7575
11288
1905
3156
7374
9451
3726
10418
9524
5151
943
9442
3819
9641
4585
2568
11733
9064
11190
2599
9807
11267
2438
8532
7568
6603
5487
297
4401
7610
3818
9376
9440
1073
10727
462
8102
11902
5098
9332
249
5045
1294
10575
5789
5260
3322
11843
4331
5122
8672
8854
5320
7155
3343
9383
7443
3303
7573
1191
10840
2352
9019
6932
4107
4165
11653
3969
10443
11908
10079
9602
3698
2661
2801
8579
915
3039
10470
8934
10055
343
7624
796
11862
6072
1749
4485
10149
3656
2746
3728
7703
8579
6829
9882
7293
1781
6303
1421
10148
6222
2588
7688
3012
320
652
3749
10651
6052
8016
7304
6427
8206
5661
7564
3567
437
10646
465
7032
2689
9988
1877
4574
1527
5408
5871
6932
2114
6365
6622
4256
7319
6006
5190
3296
10814
2290
11750
3809
1413
8455
8939
1456
9266
10125
5660
9341
4633
9247
12305
7216
10542
10319
9303
9207
9343
993
534
7683
10690
10505
9705
9014
2484
2507
7915
4190
9352
135
1303
4261
313
3432
1639
2998
7891
9988
9840
9612
1012
5197
9669
96
9875
9717
2623
5068
8737
1986
8659
9406
2151
7515
4546
7175
9607
7217
11317
8345
11872
2263
5409
4574
8770
5398
1696
10197
5613
4925
10004
8918
7538
2118
10000
8319
2165
4365
38
9792
10454
2442
5687
6927
10683
271
10578
7927
5492
1415
326
3163
7641
4837
7024
12310
7545
10010
4602
736
10556
828
8597
7299
9429
10230
8167
1793
258
1491
5686
2768
7834
5641
9673
11653
12005
5873
2436
10824
2738
5035
8937
9127
8705
10151
6415
8392
11597
7489
8329
7210
8647
417
5940
1860
9957
10315
3492
7973
7169
1775
123
1365
4102
12234
9311
2745
5103
3206
5793
6487
1963
5733
2669
8989
521
1600
8274
423
8568
1467
9522
11154
8629
7186
9169
1754
3100
10485
4452
11935
3229
8787
3218
3466
4316
11927
5875
2074
5117
7653
6140
3719
4042
5052
9814
5264
9096
7641
6024
3921
4664
2722
5234
9793
5482
2585
6764
2108
6470
7932
2667
165
12229
11
4350
1392
5983
2145
10863
7146
1076
9642
2224
974
1420
1209
3623
1961
7584
5922
11480
7064
2127
2553
407
7346
5635
1433
10755
5913
1942
7913
6787
842
5901
11991
2049
7788
10409
3891
5225
2293
11328
3315
4720
452
8951
3613
2953
6010
10283
11294
11490
1975
855
4277
2545
6561
7283
12166
8795
652
6423
10815
5801
2590
7693
4369
6189
9740
9809
1961
11949
9487
3695
6329
3559
5373
8566
4484
4246
2982
3270
4343
6619
3371
8508
499
10817
3080
5122
1913
5076
2271
951
6375
10924
11507
4518
4888
8167
6771
8535
9676
3948
4050
6420
2273
4616
5531
6866
7232
1837
10721
6707
6770
10333
791
3525
2855
501
175
246
10492
5670
8023
132
9726
11060
5362
7737
2582
12051
10937
10895
8924
11377
6802
3764
4012
9692
9889
10726
9116
6432
5675
7644
9627
1465
2606
420
4149
3785
8321
9777
5445
5611
11764
3221
10372
7862
10551
12045
10488
198
6660
8532
1341
6045
9385
3710
9285
1292
3596
1214
6800
4104
1213
150
11376
496
4773
4883
11995
10598
4091
3729
10801
1155
1083
3679
4306
2861
5324
1659
348
5707
9495
2468
51
9262
11480
7770
8494
3664
6731
10357
8046
5885
1133
3536
1215
9179
5167
953
9200
5657
5145
5599
1587
4124
681
5963
2162
672
7492
2550
470
5056
6697
360
6260
8148
2638
897
5701
12158
2088
2208
4932
498
4233
3065
3191
12262
7211
9655
3302
10719
10320
3444
12132
3161
4477
11195
11891
1299
9579
3140
6697
4684
6238
10700
9658
9319
5944
5353
5740
8700
8762
4561
12098
7192
4032
1381
6684
6897
10526
878
373
9466
12096
5634
8657
1826
861
1595
3807
4664
6390
786
1839
11624
10669
3740
7529
5101
5251
5517
10344
6077
7878
5450
4450
1035
2161
10433
7057
10210
405
4025
2732
1731
105
5517
11335
1108
10467
4203
10646
10574
8981
6640
6213
4415
1006
1984
7123
9391
1635
10381
8935
1981
5977
6842
3135
9207
8075
991
3580
4978
4026
5292
8165
8423
9820
11041
6342
4863
6194
2387
6140
3736
5740
6647
11960
7103
5946
581
4395
3916
2799
4209
6626
2428
9107
7462
11936
2162
12238
7514
263
11955
864
11571
5884
7238
8513
5131
1936
1730
3756
729
5349
7942
1937
7207
10533
2354
10772
311
1031
8487
589
4969
11655
1135
10426
335
11
2683
10511
5763
11981
4355
4613
5057
816
8464
10181
7382
3988
9833
951
8923
1718
4676
7424
9095
4866
6895
4474
11239
10186
9771
3870
5955
11689
9235
6302
10899
288
11334
11201
7840
9635
4727
5293
2411
7465
11487
909
11129
6414
8031
6359
5198
9142
4482
3692
10674
1466
5095
5869
8820
7763
10904
4147
492
7964
4620
7588
4529
10485
4137
6201
4042
6743
5293
9498
9172
1201
11810
10311
9828
11835
10715
3526
11643
10959
1438
9361
10611
11189
123
7879
6327
12048
10515
3228
6595
10776
2501
4971
7462
6614
6587
9754
10344
9630
9288
1514
12108
5265
3739
1194
736
11756
949
4911
9061
5803
5634
6130
5671
5597
11037
6588
7798
3092
10166
3976
2219
12064
11396
400
8227
6345
8166
10556
433
5649
6535
9613
3306
8927
11378
5447
9165
8966
4319
6770
1104
5573
9175
5844
6022
11783
8277
6673
416
10665
3770
4898
2268
9265
5234
11272
215
445
8909
652
1904
5158
1947
3287
12191
12177
4183
3386
4297
9326
9138
3464
10347
4321
1626
8026
6439
11132
3916
161
4091
5945
10241
10026
9498
3085
268
11250
9985
12009
4558
2291
2266
11104
6474
758
1422
6683
10477
6293
2736
5707
4802
7456
4963
7189
5407
804
5367
10408
10798
9008
8473
277
8404
11611
2071
12345
3475
1157
3259
1557
9194
6887
11304
2156
4073
7433
2790
2863
11125
5861
9716
2901
6156
10940
703
2408
10004
434
7745
10222
10436
10393
9864
7583
11067
788
1014
1698
182
3801
11561
4684
9437
7528
2430
6764
6715
635
11894
4883
117
3379
920
476
7669
748
3900
6024
11849
3738
1619
9007
12003
6920
5007
9639
456
9607
6047
7401
11047
7220
10256
2328
8675
12336
11772
2753
5697
11549
2532
8113
632
4588
10722
7087
6514
12268
4189
8803
12270
10867
4588
9811
9321
6721
493
4050
9499
11043
1110
976
9430
4358
7384
1044
9544
6078
1622
9442
8491
5862
11328
6225
1805
11034
7110
3906
5529
2428
4389
5717
131
6834
7826
10398
1429
3841
3054
3212
2753
5189
7086
3482
3369
180
4854
728
2508
9043
7562
5293
7914
9758
3106
4207
5102
4606
5993
1223
10317
113
5209
2022
10344
7377
7254
4648
6046
7149
2498
7016
11108
126
1392
10726
6146
3423
6766
11514
10486
1952
11118
4908
2971
7426
10007
8194
6582
11818
3575
9626
3407
4055
11589
5305
6242
4690
4215
1820
7167
7459
8228
1294
4414
5798
10364
100
4629
10832
10873
1500
270
6349
5467
6740
5596
12007
10474
11686
5867
4992
5626
9451
8484
500
9730
9973
4649
8528
541
10897
7683
9721
7505
4082
5192
6497
10634
11117
7384
4232
10127
5095
1293
8815
2886
1725
2449
7828
6110
4105
6371
8087
7782
7284
11054
9463
1770
11443
3293
9375
5468
2248
5589
5579
185
7483
2679
8083
12136
3933
7663
7121
8733
1024
5125
11354
4219
1464
7376
850
4190
4986
1696
6262
1162
3994
12220
7365
11826
11740
8781
10924
7290
7212
4322
4637
8866
11069
5686
10905
11828
11283
10298
3477
1755
3854
10250
7121
2837
12015
4715
10605
9713
4849
9353
11039
945
4286
7295
4200
7891
3273
11886
4347
11894
7319
269
3954
52
6264
3723
2086
5593
1359
4505
2158
2735
2416
4880
108
8139
3575
7603
5233
4203
9629
7403
8928
1157
1992
1266
9423
7447
11750
4833
2009
11824
3797
6539
3230
3281
2886
11896
3302
10166
10878
3771
7233
1350
295
12150
5562
2657
1088
7481
11200
1085
1311
1323
4279
4280
6890
1986
1752
859
2298
1979
4142
10228
10367
10877
10411
10099
331
7862
10961
3930
5289
9785
607
9632
11500
8114
7594
2269
10257
7222
6307
7754
4266
6484
3797
8795
10569
3995
9549
8419
2731
5860
12284
29
9420
3710
7609
1481
4427
5470
8074
10362
3861
421
3741
9329
6890
10399
12140
2445
9449
1520
2902
5990
6745
9199
12041
9141
8987
1953
6425
1723
4289
4847
9532
799
4665
2384
5514
7994
6928
8439
9641
7927
7427
11761
355
7219
6947
8959
7399
7464
1347
9525
3284
5219
3595
7379
6316
6837
1463
1384
4191
2415
4084
6099
3420
4997
462
6585
2049
7095
11029
7625
4064
7664
872
9272
9128
7063
11724
11092
1268
3513
8083
8879
3853
6191
11249
5069
8269
2305
2635
3299
11090
1208
7706
10185
10587
9085
8871
4984
5867
5859
832
6474
9185
9081
1657
3997
2206
8420
5551
3641
9633
5251
2325
5236
7252
1145
2541
181
1912
4542
6163
2005
7172
8402
10564
11501
8473
3731
6281
6503
768
368
3375
3978
1109
9804
741
11133
1227
6039
11610
1263
7046
3908
188
9189
8842
3650
9872
5493
7940
2804
5463
8301
7855
2260
6089
5586
10808
3025
2789
11024
11665
9073
4692
2312
5232
7816
5954
9214
9971
4093
92
8710
1079
3333
11410
6880
9853
4504
1861
11656
609
8691
11707
141
8825
4684
1553
3888
2548
1062
124
7885
697
8198
11326
3351
4339
1730
4591
10094
10264
2795
2841
4614
2024
4810
7836
1331
5215
9866
2402
10995
5942
8035
8238
6960
3262
6402
11036
8197
1081
2087
4120
582
348
11671
12081
4826
11383
2680
4120
6770
1538
5518
1513
2269
4145
8243
9099
1597
3380
1936
12122
8153
11470
7193
10860
3322
7722
9936
2771
9412
11086
8355
1591
6701
3330
545
1303
10059
6234
6178
10795
638
7710
5318
6715
6314
1576
1635
2120
8227
3502
6892
4362
7511
7912
8175
9515
7829
11509
8143
3831
9505
10083
5341
5472
3641
2361
9634
2180
301
12071
4141
9142
4992
7443
1139
9400
5521
9433
12021
779
2267
417
10967
1508
910
3218
3765
1769
3688
2435
827
10378
6432
6800
11564
8308
9719
8936
1571
5921
7403
1886
9784
2800
5545
1727
5078
3321
6799
2803
7190
2850
4298
9040
2814
4664
908
1388
7262
4994
8810
336
4782
5869
12100
12101
3006
9658
6977
9628
356
3379
9780
6699
10197
6511
4097
6981
12297
8848
9716
2410
7000
2825
1912
8972
5465
8632
270
6540
2434
8351
10622
12159
10167
7378
7567
517
900
11082
5039
12139
5982
6953
8783
3814
3720
10569
7556
4849
10680
1349
6711
10080
6990
7116
11429
950
9534
6397
7332
3756
8501
8583
7699
6455
10402
6838
3563
3029
2389
8152
8395
7038
1036
4449
291
1132
2379
3998
10876
10836
12039
4601
10248
8326
4766
3552
8057
10668
4299
5510
5464
2564
10289
7465
5016
1991
5558
1437
9015
1769
8204
10742
1275
4061
2510
7994
5400
3437
10158
10405
4381
10389
12303
2002
10072
6575
9371
637
6148
10451
10926
7929
5723
4293
3074
2791
2433
5434
11885
6383
7157
2867
9295
5639
8794
11962
9525
4209
5848
4390
6883
3732
3892
1820
3604
7156
90
6538
2460
3448
1553
2012
4731
12303
3112
10894
1705
9778
4177
4243
7813
8330
128
112
11919
12334
9191
6515
6119
8261
6611
2988
9869
12328
155
1919
8105
10811
10467
11736
11224
2531
2009
9351
3251
10391
653
10186
9238
4757
3222
10026
6349
8430
7927
3515
3682
6388
11927
11381
8440
10696
9231
2686
8565
1350
7952
4263
2891
6418
11132
10873
10356
2408
6383
8384
1764
1742
5139
4707
6264
10048
11679
1924
8238
10585
3905
1036
9909
1199
1713
7328
2655
5942
4730
3264
4476
8028
3485
2157
9779
9825
2154
5699
9488
3838
10562
4437
8274
3871
1457
12023
10509
2708
520
4051
1444
5537
1801
3555
5567
9360
12043
3000
5188
8
2844
7086
1321
12218
5169
7298
745
9119
1266
718
3885
7343
4207
9440
12013
9113
5828
9196
9331
10672
3442
5094
8220
5267
5245
5695
8923
2961
2595
8809
6991
7442
4630
11751
1369
10453
5314
3620
8816
4872
10861
17
5501
10700
4703
5472
10505
4699
12241
9533
2010
4891
9093
4592
2162
5839
519
998
9223
11346
7923
2027
9458
12301
7882
7620
2424
7271
11364
7977
11895
1367
8764
6137
8186
2655
7898
3721
11401
7579
5115
5913
4522
1080
8617
826
12157
6564
10349
2535
6580
8645
4296
4862
87
7633
8472
11124
3127
181
12075
3924
2671
11334
4552
1038
11741
336
5362
9385
11767
8331
260
6531
1478
8648
4048
626
9553
6641
4736
1453
7632
6825
6940
3456
7102
10630
9807
7351
11732
5366
3890
10556
11318
9170
6397
9857
11506
2469
6217
888
1514
10227
1783
11629
10487
8246
2013
6796
916
11910
11452
3997
1109
9072
9201
9180
1406
3516
343
8828
2850
3278
795
2573
8144
7755
9397
1803
8723
2153
2380
4065
710
1041
8129
7550
4784
1551
6356
1299
5946
1084
7704
9979
4491
5378
818
2440
7288
3223
7303
2073
6094
10713
8790
2786
12278
10363
11530
5767
2297
4001
7908
7500
3228
11878
2823
8254
4001
9248
4563
6634
9245
3329
4429
8350
11956
7289
10458
8912
1222
4254
984
473
6888
8566
8870
6817
9400
2926
9094
5217
8361
12272
8917
680
6142
6813
5996
7682
10524
2624
11299
10345
7457
9054
1001
3111
10586
10929
11144
8222
4932
1978
1896
9971
10902
2059
5518
6509
4273
9059
6391
7591
1314
4690
5954
8144
11056
6654
2350
8120
3226
1717
8034
8611
5226
10390
3808
7290
833
5176
923
10299
9242
2703
4288
2999
378
10381
10686
12021
3281
596
7732
3050
455
12015
3287
4510
3228
1512
5340
3147
7822
9679
7502
7875
1765
5016
10144
11886
10139
10055
2151
6857
2262
11563
7599
1035
10360
1143
167
2975
10805
10207
3192
7043
1191
12187
5261
5357
3888
4402
8420
7344
8738
1570
6868
4095
3485
5543
923
5427
5708
5456
4969
9450
7877
11727
8583
6970
11429
9976
6152
2076
1813
9248
4074
6010
2118
3262
11448
2645
5101
7915
11829
1748
12019
11434
11729
6116
11375
6234
312
3387
8158
2194
4720
4244
356
7156
2593
4520
10416
7753
12186
6204
1390
3552
535
8777
6470
1688
9676
12197
2167
10680
1319
8972
4786
3594
683
5964
1265
11359
8033
7262
4884
2718
5423
5012
8104
3783
10784
5321
10516
1661
6499
12117
1515
2391
6636
2461
8336
7355
10898
4474
4849
5463
1743
6822
7512
7334
6602
5606
4776
11022
5967
7702
5396
5054
6064
6643
9600
5542
11366
83
3514
2037
7061
2582
3124
7850
6055
5647
8626
10758
8213
12309
9652
1041
8862
11797
7005
8971
187
12159
7152
9793
2541
888
8507
2188
5173
10736
7158
694
11059
2621
4110
483
940
10239
3011
3998
3551
6290
9805
6793
2407
9453
9822
4680
5523
1077
10063
11392
7332
12314
11014
5303
1124
7738
12049
8823
10411
2878
125
4238
11077
5307
11590
4593
4549
10284
8279
9516
1100
11719
164
8316
9871
4149
10122
10535
10202
10738
6376
2280
10091
11140
9421
1975
9392
12133
8166
333
1209
11529
6456
11996
5386
2028
9734
10912
12134
1319
6954
9831
6750
4528
3283
6758
4744
5450
4234
1887
12050
880
4533
218
10542
10248
1398
4727
9041
2875
9476
5026
4346
1822
11922
1963
452
11809
11866
5959
1287
4940
7037
8431
11170
5264
3093
10078
3585
9183
651
1995
3544
8764
2995
11981
8058
9090
9183
11471
1019
5915
5086
4876
11468
4778
10393
5668
1674
10138
5521
4247
5532
253
6682
9908
5415
3280
4675
6264
7713
3001
11886
2995
4406
793
11956
10516
9681
8372
2493
402
1595
1608
8858
7220
9908
1356
8788
732
151
5935
6462
6767
12201
11340
4611
7896
10107
3902
1710
4167
6972
8741
1554
8644
1124
6167
10521
5080
9617
11921
6173
3184
12010
873
10352
1818
9912
7712
9166
2550
3700
10005
3131
5652
4977
7228
10758
7008
10714
8311
5587
5885
8336
7727
11323
6987
10360
7925
10505
5453
10678
11625
7271
12111
7382
7404
7819
6678
8140
11576
8036
2880
11803
5211
11154
4545
7042
9165
9354
6297
4814
11664
9358
3584
6008
6693
2010
10999
11752
4905
11122
4919
6005
11034
11280
12334
9607
12168
3790
1378
4335
4382
9500
11629
4466
1440
1725
11420
813
4741
6518
6857
2350
4151
9512
4834
6022
6788
9998
7289
7436
744
643
11126
8740
10525
2929
1429
683
12240
10803
1701
6119
6655
9750
3422
10788
6903
12305
10420
2767
4757
8084
658
11587
6141
5960
7273
5703
8440
8968
9819
686
8973
4537
3289
11293
3943
9575
5703
792
6873
7019
6602
10068
3985
10229
2247
9106
9481
3568
3869
11344
11361
2206
4014
2406
4337
5150
10626
8956
9928
194
10016
2505
4532
5261
5345
4898
6674
10597
10109
10804
5570
8462
3583
7949
11701
2489
5986
2781
1017
6924
477
4830
8997
11166
4912
621
4920
9536
1280
5228
905
2844
12191
3208
4957
7646
7875
2154
12309
11458
12207
5953
6703
193
8686
8747
10954
3574
1798
7621
2830
3801
8474
4528
2412
7964
10679
1620
7416
1347
6705
6170
10683
4084
238
9333
11925
269
3479
9769
9264
3290
7056
6281
3995
6302
5780
6827
3307
7377
10755
8266
6861
7388
5285
8387
9069
8244
11667
9724
4598
11814
8502
3278
10691
9875
7643
11677
10886
700
9199
782
2223
10592
4755
4248
6923
6157
3028
10707
1621
1348
10289
8547
11839
10456
11928
1577
3372
8313
782
10461
11730
5175
6387
3719
3980
9717
11188
12316
4570
11914
1716
9137
1121
2584
12101
2983
8574
8487
4155
9831
1173
11319
11151
3908
7561
8341
3947
5733
9646
2222
8896
822
11422
8632
10681
9340
8765
10361
4854
10616
2644
1867
7444
9222
2587
9452
688
10447
6943
5604
1660
1958
7000
4296
10719
1613
8670
5120
2177
3067
2294
12112
2451
4999
3701
8387
10415
6826
3971
2496
5362
7679
7528
9094
2090
11995
1357
4499
286
5280
8572
1521
4422
540
1272
4196
4201
7063
6208
2858
8869
1777
12247
3275
7835
9123
584
1353
2564
7260
204
5924
6525
7491
763
6210
12013
11310
11801
9199
7636
356
8051
958
4679
8514
10275
1687
8330
1488
7836
7578
5513
7358
7752
2965
3477
7773
4899
10811
6417
11780
5000
7164
4205
11830
4590
7917
702
11713
5139
6859
40
4628
8412
1359
3767
8436
3819
2222
7149
44
8517
9475
7600
10721
8625
201
9051
7205
10512
4502
8586
1614
5218
3403
7464
4488
8620
95
8568
10179
9116
12126
10919
1596
8213
4350
11085
11432
10343
10306
11543
12022
3667
10197
10400
9880
12225
8423
4472
10211
6519
5215
2123
5180
4200
9764
7834
11049
3435
6152
1989
4966
10889
10494
10714
2395
1643
11163
3056
8561
10092
649
8027
7397
6830
3191
3328
4710
1575
11062
7584
6735
1473
2217
11652
11072
8349
453
4569
8671
7711
5836
2511
6757
5051
1108
10240
1582
4570
10333
6977
12037
6614
1559
5070
7365
4717
3949
158
936
2255
8599
10198
2533
8873
1945
2058
9634
743
7556
8514
9145
5085
5788
11704
3535
1504
1975
9590
10028
2989
1922
11556
1684
5432
11066
11716
2718
3536
8977
10512
8024
9425
6739
5777
3868
6837
3681
11609
8075
2459
11239
3183
8861
5030
12295
9824
4993
5287
7851
3011
364
5337
966
9016
4281
8412
3439
9327
8219
12333
10313
5336
9950
3484
7648
3550
6034
9658
203
7797
10173
10499
6630
1903
3079
12096
7625
6216
2608
4176
5779
10642
8917
11212
4080
2177
1603
3864
6161
929
9368
9697
498
687
1112
11184
534
11514
8822
2778
7842
1828
6203
7581
7066
6799
74
11923
11261
3029
10627
604
7857
9940
9437
9197
12180
4819
10855
540
1694
9272
2814
7956
3433
1502
3268
5985
11343
6198
8638
1652
4751
5761
11048
2663
11343
2111
7175
11259
4724
10325
9338
5473
9720
4387
1182
5718
10015
10196
146
1989
1991
8554
8543
1981
4387
5478
507
2005
493
3262
8043
11402
855
4569
10950
11395
11387
12319
10329
9807
530
8715
3802
2917
11774
4230
1064
8928
2169
10355
7408
2948
3174
2379
6401
6656
8852
238
9378
11224
10555
4777
4774
2781
8297
2917
4290
4902
11174
1290
11979
11922
12110
3591
3220
9226
9866
9055
4640
9762
11521
6495
7921
3327
4335
9665
1707
12119
6550
1577
1821
7299
8174
3276
4535
240
12314
12111
3580
8350
8495
1684
737
7171
9869
8539
4314
451
4984
807
7433
10100
2242
2067
9635
10028
3135
291
2503
9333
5392
10580
6634
1333
628
4282
925
9189
3095
6993
2366
10878
12299
8832
10405
5246
423
8562
781
8583
1768
9537
1109
5399
2296
4564
11727
4492
8956
763
316
8183
2304
9339
2356
10673
9935
7875
9817
11305
6692
8192
10590
9453
2402
9619
2176
3710
3065
10473
5600
7024
6676
8286
3494
11261
11496
10405
5423
8837
1141
7488
480
2111
9954
4983
688
3857
6644
1710
677
5375
2292
4865
9008
9741
647
12198
10043
9772
931
11383
4509
12302
2616
6289
340
4272
4666
11877
1722
3115
1751
1998
3428
1485
3367
10384
1405
6671
1293
3000
4740
9282
5023
12310
9082
5736
11042
2225
9933
3382
8089
10632
10546
797
10678
8685
8046
2356
1106
4151
6139
384
299
5842
9054
2537
5680
2279
11871
3375
8460
497
6202
7746
3740
6080
10086
9507
3276
1500
5506
5089
909
5055
1409
5014
9849
5242
5082
847
9445
9031
4143
6777
10666
5369
1354
2
3173
4058
8591
10022
4827
4348
4611
3680
2967
1161
9815
4317
6116
5555
8028
965
11221
177
7264
11840
9420
6900
11202
2220
2105
6371
11406
3580
6397
8933
216
2362
9646
4534
9582
5005
10591
5113
4889
8963
9410
1317
7402
73
6460
9844
1507
6498
6855
7219
272
3313
6548
911
8875
8434
9561
7813
11301
5145
5158
5366
3892
5410
9449
1026
2714
11208
9714
447
12081
6199
4831
3907
10710
8976
7299
6964
7930
12222
4868
6663
6487
405
10428
2491
8642
36
5814
2530
248
874
1216
1640
10622
8282
6126
1527
25
9332
211
5366
2762
7216
9480
1149
8313
2876
12304
6876
5473
9444
6010
6242
9614
11601
10877
10580
2904
978
6399
6889
9887
9040
1564
8339
5701
12157
8627
10083
9751
3159
6389
6379
9791
11987
10600
9336
4253
4903
8493
10854
12053
6655
10580
6594
3415
11653
12147
3709
11422
9584
7001
2307
5382
9026
1456
8736
1974
5691
2841
7606
11213
12265
5592
3966
10211
7881
6508
8432
8564
4452
4974
7748
5654
7218
6814
8445
5634
11349
5826
3622
9247
3219
2321
11252
1793
1604
11378
11827
600
11404
12015
11821
4389
6129
1734
5608
10426
11828
11686
4512
304
6101
5557
859
1503
640
4323
8218
10353
2277
157
3698
4577
3113
5345
1845
10024
1293
5769
11029
10554
3490
6355
6029
6629
9753
9822
5236
11414
5002
10275
6106
1848
10855
8895
5630
8369
7522
4838
4127
10495
2120
2918
10993
2554
6547
5076
2186
6148
10336
5729
12004
10259
10369
273
8738
4786
8882
12294
11296
7569
8507
10232
281
1229
1514
4557
9169
3441
4456
12323
6223
1793
12333
8517
5626
4373
3869
2593
259
11418
10485
6244
3195
2510
11768
8675
6096
4449
8055
4492
3718
10890
8877
4655
2412
7596
1492
9670
11708
2524
11894
2966
7203
3664
1585
7060
7102
6946
4683
51
995
7652
10470
701
3966
10494
1163
5034
3331
3896
2181
3463
6541
9343
11896
931
10122
7607
154
4528
12234
9171
8732
7226
6880
853
2967
9287
9638
9673
374
300
7200
2816
9698
4406
10271
10137
4960
10438
10247
7617
2529
241
3019
4165
7957
12105
7240
1710
3132
11383
4115
10439
9517
7124
6951
7091
1718
7767
5375
6598
4223
5987
3852
402
10591
2214
5248
1405
8897
8415
407
572
10458
8080
7280
8508
10699
4604
3
941
4540
7316
4847
12056
6786
1676
9350
1595
7968
5808
11716
1532
6340
7750
11561
7555
7437
12277
5275
415
9043
3093
2231
8226
7831
5475
8481
7228
3673
6403
2381
7327
11466
8142
197
2091
577
10662
3584
7648
3919
10497
5919
4356
5839
5434
6917
2715
6981
173
5494
3332
9891
5050
2619
9725
6617
2305
4114
5684
9322
1540
4266
7024
7342
7924
8541
4434
7692
11645
1384
6981
10117
7735
1396
4769
4049
3553
11460
10077
1182
1902
7010
870
10901
2853
1858
11262
10425
7117
10583
10772
4952
3415
8711
12299
5312
11926
10555
11400
4343
4015
10616
10380
11340
11117
10116
7634
7232
8060
10151
9434
12269
10524
7416
5125
8892
10773
7339
2594
1010
3593
5276
2901
10387
4035
6172
8653
3438
3107
8288
7948
7997
12284
775
2506
4739
8117
5242
11564
6198
4393
3912
419
23
408
8791
3562
209
254
2204
6361
9546
6642
7064
1036
82
3273
8294
5483
8390
4545
10961
3013
7218
6884
11607
2047
9533
6612
3399
8547
4609
4549
10497
5509
11365
6093
11228
7895
8589
2793
10463
1388
9693
1400
1219
200
289
3664
6336
1405
10011
1660
11863
6804
2512
10773
6424
11596
1089
6563
6080
4405
9691
3522
535
6262
645
4421
937
12119
1354
4862
10771
2995
5503
2410
3077
5906
7505
8320
10672
10080
2843
6595
8745
2866
2750
11754
10667
9134
565
11349
8116
11254
9225
121
10458
9477
3695
9609
8155
8734
4828
7202
8044
11975
6708
10189
3170
12283
4877
2033
6100
697
8605
6728
3303
4726
10173
587
10350
8075
7072
254
3576
11071
10039
3374
9289
2875
9407
11134
5151
6203
5454
12288
6287
5964
10843
5422
1380
5896
3747
1085
6564
4063
11622
6654
3958
2904
162
8142
9129
1255
9944
8338
510
10854
4240
10562
172
7868
1272
10609
312
2669
755
3698
6994
12174
1511
10206
3305
2156
5019
9009
9834
45
10527
2992
1029
12006
685
2408
12072
1350
1530
2009
5612
8540
5772
5370
11910
11300
877
12234
530
10968
3519
3921
481
9815
3553
7732
6563
9356
3317
10014
11730
1654
907
6791
1960
10330
3887
7778
1921
9298
4867
6252
1867
3623
12224
4577
7442
6964
4106
4662
11322
2180
6785
1997
4648
303
2362
9108
8193
945
6553
10162
3891
1572
6496
1948
9716
2110
1355
10124
10679
3365
6960
11704
7209
1421
8421
4245
5784
9883
12058
10698
8569
11585
9991
1603
2124
6265
10714
6468
1652
11924
9394
5447
9569
9197
4286
12245
6862
6122
11678
12226
11546
8903
1841
7792
3075
1013
1049
12165
7666
11824
9373
10287
11847
6531
608
10206
3534
3070
5406
11840
7254
6092
9649
6794
9528
196
2593
9505
5589
2595
10149
5462
8111
9579
1316
4897
8513
1171
1971
624
1314
3354
4432
3614
11581
2084
1904
10396
325
10903
4381
10176
6476
10576
3245
10315
8576
2780
4902
10447
11006
5032
10904
11442
5623
3155
10518
4088
2327
8304
2361
1171
9322
11214
762
4999
5516
4182
12331
1375
4526
2591
5854
9438
7442
10342
3100
9306
1728
9729
2188
7955
10506
3231
2175
11360
9164
1708
7836
7757
6973
7359
6977
6104
3656
842
11978
1255
8254
3050
5041
7118
10568
7984
5518
5884
8955
5553
10086
3705
2726
9484
5839
8499
2344
9698
8938
2371
185
2890
10618
8853
1474
8465
365
2088
5688
1946
1919
5188
113
12124
8824
6902
5198
10423
4858
6212
12116
11945
6517
8265
7082
8441
6784
2048
1590
8642
11161
2059
4836
4712
11598
6524
8079
3982
1397
8033
5667
5780
10466
4796
1383
7639
7166
11320
356
5551
8988
4407
1054
477
10355
2454
7967
3345
3434
1434
4538
4156
344
10600
1006
3390
5294
4997
5451
10805
5681
1704
2671
12082
3170
10443
7986
11461
7630
10950
6561
5685
8905
3797
11793
2881
963
12046
11510
605
2360
2211
2073
3391
4555
10952
10607
1185
10727
12023
9607
7213
10985
1217
11097
11029
12019
5109
9149
514
5909
644
11247
848
8995
5474
3736
8356
6822
8985
12194
9713
9531
4934
3022
1951
8030
2953
5525
6135
8800
5053
8214
11388
7436
8105
9497
9754
9865
4265
9306
9507
6616
10886
1007
7163
4750
2399
4122
1472
3765
1140
7521
688
10835
11171
5207
212
6450
5571
1997
5099
11437
1736
1604
4065
10188
147
7259
6226
3720
5798
1538
1032
471
2423
8843
6333
8904
7594
2557
4246
8342
5592
7323
8454
10867
4007
7869
4206
5810
11977
2170
9087
5522
2550
5412
12232
2156
7300
9569
8026
7718
1558
957
5846
7050
2868
4633
7018
9782
7608
10915
5507
740
10762
5105
3719
4614
5242
7795
676
8825
11854
4152
9167
9923
9912
7939
11580
1443
4220
2492
1667
9555
10884
5628
529
3723
4286
408
6824
8067
2627
2421
6909
12137
5109
2235
3204
11593
8119
9297
6623
3833
9918
10556
12026
10469
2992
10112
8692
12342
1945
11297
9159
10257
11752
10415
5602
11884
7184
6904
10606
11166
5712
10459
1751
7072
9156
6515
11275
11510
8607
9412
945
8951
6231
6781
10447
7679
10187
1118
7570
7244
11901
3595
212
12256
6044
898
3917
7983
7129
3208
2611
3710
11923
7450
5204
4653
10086
3880
6572
592
4973
11432
7486
4114
10443
1987
2072
11198
7847
4990
6384
5839
9410
4683
9133
28
9610
914
5780
7720
11699
1740
5298
2618
5955
2004
6382
7126
3313
6397
9775
12179
5979
4835
919
2634
4791
3125
2319
983
3419
798
9387
2882
5872
4806
1575
1319
6788
7066
11592
1865
8206
6403
5568
10719
11244
3252
1125
806
6149
7466
5529
7246
8054
10576
4595
787
9100
9306
6478
2035
3396
12200
3807
2419
853
10904
8392
5833
2213
4366
7290
10888
5125
144
11403
11549
4755
1726
12219
7739
8788
2018
544
3936
8268
20
11572
8029
8816
11580
8029
6623
7342
9226
10115
12036
2644
10546
6165
1190
3903
11681
10408
8541
3135
12216
9434
5880
8692
9624
2324
6219
12006
321
3927
6130
2136
12206
10852
8121
11871
11602
6008
11168
8373
7279
2372
734
11631
6626
11948
11663
4527
586
11701
4791
5640
10320
3191
1289
11199
6523
2197
1134
11695
10505
7894
10543
7374
5776
9625
4408
12292
7634
3350
10276
3848
9061
6027
9718
8259
4119
11785
592
1206
1677
9381
7907
11126
2232
2691
10972
1910
5506
2187
2679
7354
12217
4987
4715
11442
10834
3059
10151
5419
12132
4487
3147
5844
8263
11438
67
7544
2688
10341
4484
5691
10906
7338
8740
2300
11685
4439
1745
6843
7087
6458
7458
4660
9414
5671
2297
9583
6292
11700
10109
8269
12317
6747
12171
3955
8329
11263
4620
10931
12255
9892
987
11621
11797
10384
1804
6648
1676
8840
11418
2554
4790
1806
1196
1784
894
5683
5364
3359
11418
4331
2278
8751
10682
11840
3490
4441
1385
10891
5776
10
7039
9187
8207
8243
10368
10654
7718
4615
10987
10697
10045
9491
9006
3131
8244
6132
11280
3822
9676
9946
3773
5552
10884
6099
687
3973
10571
3358
9146
3631
5028
3237
7324
11398
5353
583
1112
11923
2321
11818
10268
7760
9245
9574
1545
9641
7529
8002
11546
5845
11383
883
11148
9100
1045
10841
2662
10120
9119
2514
3226
803
9935
3821
6244
5724
95
8001
1403
4535
4452
9557
2035
692
2501
3886
872
4534
53
8332
5430
4729
1297
12084
3390
7464
4895
6207
10561
2781
9498
11268
7704
8936
3648
10204
10153
1477
1194
4662
10617
12106
8678
10970
9526
8610
5386
10922
6868
3697
8768
4384
11390
9793
5782
943
9761
80
1247
8706
5606
2688
3101
1915
9857
11801
7191
8252
6912
7602
8383
10520
6992
11945
2969
510
11063
1629
492
6733
8004
9260
6417
7319
9768
1439
11833
1330
10805
1058
7052
9400
6375
4973
3121
1888
7960
8166
7180
1635
10039
9994
5942
8147
4302
1314
6971
6914
12314
6633
1676
5310
8379
6500
2163
11369
10870
331
2283
10848
4911
447
2469
7998
4468
6861
8806
1256
2029
8178
1343
1296
6783
7496
8073
9046
7999
1960
6879
5448
2671
3084
6439
2149
6071
6376
107
1916
7836
9646
8866
5637
12017
11456
12011
5228
7505
1312
6924
3045
1348
10715
10382
11375
9904
2997
8176
1527
9989
10141
504
5838
3668
11094
9431
4481
11831
5820
1987
3397
1398
517
3465
8067
7929
9487
4470
10453
10405
2742
7137
2102
9488
7778
7955
10434
9876
9832
2134
5389
5297
2030
998
1203
10005
12229
3535
5439
4612
9172
9418
9832
1839
2616
4049
5410
6342
6157
3271
1902
265
6545
645
3050
3911
535
5365
5354
105
7285
11773
7803
7850
8060
8297
3571
1438
10357
6823
7512
1506
3720
4712
7716
908
11871
1493
458
3059
3816
10966
9731
4141
4359
1786
6650
10506
8551
3617
4659
10832
10155
5295
8839
10897
8429
941
10946
4917
12001
10418
5796
5277
8733
2155
454
1012
3652
4789
9032
530
7130
4175
391
6086
10032
3724
10221
6228
7426
9463
1754
11863
3486
236
755
11454
5155
4241
9107
4707
3896
907
11016
5268
2730
10138
6248
8696
4000
11920
5301
11351
7233
5079
4795
12193
3734
11778
7158
6265
1411
7048
4902
6320
4749
8702
11390
899
10860
8470
3356
11381
2402
2421
10485
9692
6104
2345
7805
4996
3908
365
3799
12294
8795
11005
7233
10276
2497
10994
7196
6471
2571
2717
8708
2730
8833
782
3401
10076
10931
6780
4936
9469
3161
8787
9378
1513
1784
3334
4949
10
8534
1248
690
1766
10284
6569
849
5619
6913
6034
3558
11910
9821
2087
12333
8148
5460
9359
4094
619
2904
601
4028
5098
6801
8030
3957
805
6965
9659
9533
9304
6723
7618
5176
778
2458
6049
1385
10611
8658
4481
9209
4608
2099
9203
4253
1193
11689
6869
5017
1951
2181
4136
2504
8349
6280
6610
543
293
8333
4877
10984
12266
11235
9066
1398
30
10325
12183
5620
8174
10318
1915
3640
2722
5478
8368
12093
10052
10691
9888
84
11270
11389
7165
8579
642
6545
6346
9485
10887
6694
6954
10765
2629
9089
108
142
7811
640
5873
6836
5549
4455
8127
1306
6361
4414
1901
11073
63
10045
1178
8631
9068
9310
11367
7637
4358
517
8251
3009
7916
10831
2505
5262
11093
10823
9476
5512
4498
1080
11433
10017
5818
10497
4549
8737
1998
1694
8732
1948
5557
3466
9354
11969
7085
6833
11911
3223
10857
4572
7127
480
9221
4970
4050
1243
7417
1022
11102
10374
6710
1026
8249
2487
10883
653
8414
10548
645
8587
7805
7137
6396
12191
5667
7840
7245
2894
6700
6351
3370
3792
6374
4649
7730
5123
2258
922
9165
11437
9789
7669
664
4780
11089
4690
1421
3581
2196
2118
7989
7698
2804
7115
5390
10427
7784
12224
5720
7780
9789
2567
139
4297
8390
63
4867
1253
10501
10413
8202
7161
2255
6493
10576
6385
11319
8692
9678
7856
10679
10608
4634
2990
10865
5197
1714
8723
7376
2709
725
9110
8517
11938
10428
3143
9325
5986
32
5209
5097
8621
1903
5459
5945
5150
2058
7922
3849
8479
11925
8966
8751
8183
5424
3331
10396
5061
4723
8378
7743
4246
8073
5523
11577
6881
3071
1090
3628
6999
10351
8145
9718
7248
8945
1658
8396
6
6617
5962
4803
4731
9689
7426
11043
8249
2923
455
6132
4882
11845
5835
4063
8186
3557
10223
10103
9318
11463
7354
5641
10800
9472
3836
7424
9854
10647
1764
9070
3525
10620
6655
9593
6151
7192
8627
11316
4863
8322
6036
8879
9985
4998
734
8099
9021
8544
5468
7501
7956
7370
9296
6230
6921
1044
8245
9887
12310
3158
9579
4272
8863
9955
8297
3443
10932
11089
1322
1075
8056
10036
9797
9391
2880
3844
4919
12015
7025
4327
9051
2838
9714
2564
8856
8526
2578
11929
12021
3288
1066
918
9793
5312
6332
974
188
5086
9465
7509
3083
7942
2743
2543
3414
3074
11883
4614
2547
10019
8316
10511
11311
9455
2999
6721
11231
11395
4961
6717
2965
4844
2328
7798
1506
8571
2841
11882
205
5583
7388
6574
3295
6548
4233
4150
11184
1789
2000
3966
9573
7820
6345
4855
1937
10944
12108
3284
6571
9607
4782
11909
2541
8696
2423
4758
5174
5503
100
5154
3905
1369
2497
5673
4845
6512
11601
5014
6975
1585
6212
483
7433
310
660
1142
606
7721
2077
12276
7998
6969
7518
7610
4831
5058
2325
4282
9566
3780
9317
1734
2695
6682
5664
8888
3556
926
2980
9875
8970
8429
1423
4657
9966
5487
3794
11199
4932
5164
6951
1773
9602
3131
667
4190
3943
6509
11090
6711
7112
3754
4173
3211
9807
5397
10293
1191
9554
11175
840
11044
10623
1172
6126
1475
11225
1696
1495
11489
9284
2083
3735
4114
6757
8178
6758
9229
1467
8585
10134
5007
4583
1927
8025
8808
6505
5693
11789
6650
10933
10609
6709
3213
8995
7897
4174
10735
3773
3668
6174
11867
9327
7161
3761
9188
3454
3376
3629
6938
11749
9032
1735
11692
12076
147
2278
14
4725
3430
9084
503
9357
10471
6233
2923
8616
11570
11998
10725
2000
8709
11504
3305
9367
3175
6852
3561
5403
4469
10863
4552
2040
6115
3349
1606
10518
3400
3867
5198
11257
7814
4310
5806
1128
2141
3459
10761
4936
6446
8965
172
9646
7950
21
1447
6590
10781
12064
408
833
8367
6810
6589
9298
8007
8354
6615
5050
8158
11935
7035
9253
10664
8534
1247
2672
2725
5532
414
2532
894
5868
120
836
2519
12009
8306
11273
10140
6192
7896
2936
2522
5076
4205
8828
6404
4738
5532
4731
11043
4014
11710
2448
1416
6456
1879
2806
1040
11586
7079
6569
967
3732
2554
149
7869
8504
6609
7205
4801
5343
4242
3448
3352
5310
10217
10332
10590
2912
8675
8051
7356
2100
9623
7956
3661
6569
2551
2803
590
2106
12038
8123
8461
3994
4950
9704
5171
8604
3540
10496
3359
6195
8187
3734
11704
4716
255
3522
8364
1194
3907
9656
417
11885
7943
10877
2593
7227
5000
10748
8803
9045
12308
11852
8896
5274
2892
9913
3618
8216
9390
5480
6537
11846
11177
8537
9696
274
8201
1697
443
3102
3530
7581
4613
10708
2242
11751
11778
8663
6407
9424
5819
893
10259
10978
5362
11651
10738
8285
6758
622
32
11089
1630
2246
8823
8673
4745
6155
3969
461
558
10387
11204
651
33
11842
5923
11147
5810
10793
4230
11797
8698
7186
3470
420
4567
4992
12158
7752
9333
9516
5817
2450
2932
12044
3791
2599
6354
482
6319
11521
11986
11464
10345
10395
7423
8179
1401
7705
4624
5772
11200
97
9395
10387
7801
6337
2532
3537
6442
7529
6070
11181
2978
5304
3584
8398
10250
11128
10221
6862
2026
6649
8604
4479
10823
1746
1136
10955
1640
6692
2178
7869
174
1535
4977
6652
4495
8502
6430
10120
6884
9572
7323
8428
7673
6817
4445
12338
11056
9715
1866
6510
11177
4112
665
6944
6383
50
9114
4203
10891
10996
9766
1199
11149
4927
4235
1140
214
11718
6007
3957
1975
11363
6737
11344
9561
7487
9416
9885
5396
8369
9920
7348
7861
9195
3841
219
8360
11279
12006
6943
4056
7442
5759
11523
8273
1952
11566
10694
8286
548
12163
3392
7286
10971
11492
496
9953
6897
2895
3000
4195
6448
801
8244
2503
8628
11545
6560
5981
9778
3961
5244
8436
786
11293
8809
10464
10423
12283
5267
9915
9220
8441
9230
9272
4107
6909
1133
7424
4280
7267
10083
6683
1973
4707
2449
7458
10301
1695
8250
12143
9301
3526
492
10090
5328
11698
5444
12244
12327
9274
4173
9433
1462
367
7031
6105
8971
1634
5859
6900
3491
2247
8434
5472
2790
6093
9807
3411
3212
7444
11650
1902
10067
11021
8640
11625
10457
693
724
5332
10707
2527
11981
8475
282
11200
8760
11670
5847
501
9680
7931
5610
8196
3304
4179
4811
9403
5690
5941
3944
8972
8023
4164
1910
4595
1809
7008
11753
8603
6032
3160
622
10488
5497
8275
502
235
10488
1762
764
6449
759
912
8443
11906
10013
3978
10854
2590
7823
8070
1523
8074
3404
5686
3953
4065
11413
3735
3685
3622
9396
12007
2887
6432
9441
8803
4611
1934
3937
11455
9224
1985
7831
6711
9167
4149
8513
198
2836
9137
11465
8817
6794
9186
6629
8956
11888
12253
1152
7543
10333
5986
2732
2213
6571
8449
4169
4999
1857
2422
11323
9205
7026
3076
11929
10649
5037
11359
9577
3593
1125
7180
4905
9829
3703
10040
2142
6454
2947
5421
2436
5104
6132
3265
2819
1346
5309
3343
5672
1361
5766
12131
12101
1176
2189
9349
8648
11129
85
10172
11980
64
6689
4844
2633
5248
1925
1370
8609
1211
7173
2596
1665
8012
11120
8362
9366
8951
5902
3323
1971
2112
7033
5259
2741
11404
4867
1344
10167
10967
9519
99
756
3118
2195
10553
11363
1719
905
598
8023
8983
9970
1628
9874
3032
7792
11038
3019
11386
5476
465
755
4209
705
3512
4474
11750
5477
11444
12282
6614
9080
2102
6104
4923
12250
5411
3876
265
11532
2160
2984
10112
10536
8979
4175
5987
4939
10076
6397
600
1973
5621
789
9300
11631
4453
543
2129
10599
3107
2791
827
8387
10743
3020
4926
12045
4563
11237
9332
11086
11178
3700
3956
8192
7828
2513
46
6683
4220
9747
6226
10574
9441
9329
1155
2685
1581
3436
12313
3852
5429
6131
553
6815
6923
10551
4099
6933
9860
10129
2804
8366
2612
4873
671
7775
10729
3889
202
4019
4848
11846
2170
5520
2127
2687
1279
1328
3853
1896
4277
1924
8011
2533
536
330
8888
3213
12198
607
5300
11123
6153
5056
10308
8059
10453
2302
10045
166
7456
11540
10592
5931
12043
2984
10122
3686
8900
5977
11131
4046
11783
7024
11702
7231
5375
9138
8176
7557
6171
9747
3915
1310
598
11552
3246
10581
10339
3251
10097
1820
9816
9572
6873
3630
10799
5116
3941
8840
7479
12301
3565
7189
12300
12149
8961
1980
618
11656
9405
1040
8470
8150
11150
10956
4088
11579
10928
11712
7234
11073
9299
4803
8106
7018
7444
9583
8256
5078
9494
11578
10084
5180
5722
7661
6506
10343
169
11449
7476
9731
525
2374
8579
1259
2664
8814
11530
11956
11966
9766
1240
7259
5801
3067
1832
4979
9748
1235
5035
706
4478
1815
6590
8180
2790
5076
8604
1066
1618
7929
4026
4024
2911
1229
2316
946
6269
2553
393
1630
1255
7967
11367
5463
11676
749
4407
9843
7801
3592
6580
1769
10203
5514
3677
5593
12290
9937
6503
10409
8699
9257
6928
4377
7854
8510
11937
5439
11331
10875
4735
7521
10146
3848
1535
6389
6672
4786
1534
5365
11645
11498
9395
2834
4747
8160
8655
9780
11377
5431
323
12137
141
8580
4458
6074
11926
10886
12002
5102
5960
3031
8403
7428
4643
1154
1582
5038
12309
11185
7370
2078
10054
7560
11151
1236
5481
1820
1675
389
6276
11349
3049
7898
12079
1743
331
7754
9974
2172
5710
36
4976
3471
11741
4634
3989
4242
8285
1516
6780
5582
2461
11822
849
424
1155
382
9972
5368
241
1846
1705
3779
6609
8259
5578
6649
4776
3719
9416
2887
9476
10021
9
11897
6386
8618
29
4633
10488
10626
8891
4354
5808
1202
8869
357
751
8093
8164
4414
6322
9750
3485
6779
2507
9247
5364
2116
9769
11897
11339
5020
3494
5668
4783
5888
3293
11665
4893
2622
6948
11134
3492
7407
1528
10362
10384
10208
496
10760
6740
4061
6596
1961
1889
1002
4239
2683
6988
5808
9945
2460
4056
4065
5713
2237
9509
5837
9389
9174
10561
4833
6473
4258
11247
3853
2817
3798
2134
11542
11141
2120
1326
6342
8735
5276
3348
9959
4667
29
6699
10272
5520
4240
3546
2476
11243
957
6795
3075
1742
10892
11503
2127
11620
5820
2395
7503
3346
10623
5697
3188
404
8682
10580
9088
4892
9423
3037
6049
2560
1122
10316
5859
483
12020
7249
4465
7946
3077
9575
8507
1323
2405
7280
9888
3025
9340
1396
5595
8774
8177
2765
2126
7082
6117
8410
6042
4748
11398
2297
928
4643
773
6799
6704
4664
7741
1432
10067
2412
10035
7580
5347
2488
6175
485
7553
6053
2395
11561
2235
10384
6545
3268
8315
9362
5804
7663
1707
5625
10848
10669
10678
9711
7974
1238
9112
714
7976
11357
4082
5357
4637
6101
3661
5225
66
11680
12095
772
9281
9259
9279
8159
5518
4543
4474
462
4150
8418
7299
3950
9861
12341
2133
12321
10897
3711
11556
1043
5252
10328
5314
2386
10084
8275
7845
1880
11981
6096
2075
9825
5985
2188
5306
3834
1151
12100
6214
4008
6120
10317
687
11163
4356
6109
9608
541
370
2800
7625
10769
10734
7687
3432
7962
10065
9785
3010
4585
2118
6978
7780
8461
8909
243
11691
3177
1250
10686
10309
7138
1481
7963
395
10424
3199
7955
5255
6806
10386
428
6393
6898
11589
4853
4835
8805
8089
7981
2099
3151
6719
1101
10272
8600
1347
6388
3797
3772
12180
5428
338
1624
81
3134
11866
12323
761
5488
10373
5034
876
3148
3858
5523
2540
3688
3174
8852
10293
9707
10665
6022
11571
11565
522
2441
4061
7913
4865
7200
10946
7269
4268
6169
6464
3911
344
2343
186
11484
9043
3323
7587
4199
6844
276
5828
9194
7342
10192
8175
3046
8316
9209
9419
2959
9049
367
7270
11003
8317
1892
5353
5931
5891
7689
8341
2906
11118
9540
3131
10382
2505
6917
10436
8419
5153
811
7698
1970
5102
6324
1566
6813
8992
2063
2998
698
7775
7782
7556
11157
11526
9557
2540
9243
7639
3353
11648
7644
10940
7046
7176
4241
6275
411
1924
10218
4649
7775
7787
3079
7082
3453
7043
732
8115
11466
10651
8532
6733
7353
4257
10763
10968
7728
3530
6481
7611
9541
6561
661
6251
2544
54
676
9521
2290
1556
9088
6116
7396
11511
9915
671
4739
7135
1763
5057
7535
1029
566
3954
6450
8022
9211
4419
4431
11253
6894
2390
10041
4779
455
25
10637
11964
4325
7315
7870
2241
11689
1673
7325
6256
9645
9668
7748
2758
7745
12265
11397
1063
5932
8138
6748
3539
8797
52
10842
3208
4728
5995
6617
4258
4145
2877
428
11677
6715
6803
11274
4494
6580
196
12
1532
7938
4939
1205
6100
8484
11719
2417
6392
4878
11545
2005
629
8682
1892
6268
6493
10958
10699
6673
7209
4916
3749
7133
1403
6820
1490
11054
968
6278
5753
6524
5684
3332
10067
6331
6945
4934
7347
5636
5481
743
6347
11927
344
6486
5691
771
11200
5165
7704
7840
5407
6139
6515
6220
4145
11344
9030
5601
95
11900
3175
5885
11542
10060
9312
6024
3584
9399
12081
857
8263
11968
5905
9096
11709
1743
10673
6878
4863
329
7886
3250
3247
5173
1826
2748
8577
7476
3404
3573
2534
8446
1749
2383
8205
5343
6503
2220
3298
5477
6738
5607
1924
7590
7565
10759
10983
2033
5355
1691
2584
12259
8478
8070
5286
7357
8042
4539
4953
8129
2333
4744
1219
100
8467
10119
4251
11900
10724
6958
1365
7940
1062
4432
10997
4690
7621
8636
1973
12267
2414
10429
3531
8963
9527
1628
4498
7552
4358
7042
2206
905
386
5387
8632
10942
7522
2349
6874
11475
5065
11000
10052
9649
4514
11519
670
3540
5804
5042
5840
7284
1765
7540
5168
245
9475
8934
8390
10345
76
12304
964
10084
11110
8275
12070
8914
8332
5941
8927
6622
6515
9262
7231
6201
6812
11028
7857
1456
7586
10125
647
5735
9029
10486
5243
1104
4658
4683
5487
8645
12259
8106
9481
10822
6730
4674
2016
7549
21
7503
9139
2742
4158
9800
6221
12038
498
59
7894
11183
9323
460
3426
6996
558
12273
9651
3084
2117
5694
11341
7275
3878
8734
2459
10376
4244
7157
6093
5220
3320
9607
6027
11757
170
7539
7537
3996
1253
10237
2645
678
5560
8412
9929
1173
8404
2241
2664
11636
7789
4873
6554
4956
10074
9015
708
10096
3219
1859
1074
2710
3887
10475
3807
7417
6704
12102
11170
941
11479
10741
7556
7069
4551
6712
5299
2269
6878
7597
294
9288
10353
10007
533
6122
10076
3852
4115
1812
4060
933
4344
9957
10232
786
4350
3146
6609
184
12011
5957
6319
5484
874
5193
1044
706
2093
4161
12150
3827
4969
2069
5007
7682
4923
8777
1722
10259
1724
11474
11636
11960
8177
1664
9602
4576
4445
8481
9347
2784
91
4198
1568
11731
9874
32
5975
7538
10944
8436
1451
3164
11632
3399
6203
997
1522
4528
4325
3587
7955
4366
5442
7776
2083
9549
1229
10289
7317
2250
1646
2348
3203
9153
11742
1834
7953
2837
12252
3826
1187
75
5104
5934
11427
11304
2257
5914
9668
10041
4898
7571
10481
878
11185
5105
10115
474
8305
11162
11928
10081
3897
4996
684
584
9624
9645
6933
3277
2618
12153
831
10156
9323
855
12249
10536
9327
4988
7356
11566
8034
2623
7426
8330
644
8509
2857
1991
6482
9488
9160
10990
5422
6236
4401
6113
6665
2530
433
10455
3675
8241
7654
12138
3983
9527
2200
10030
6561
1538
506
6130
8328
3812
6283
2192
4730
3220
11271
11271
10283
7105
6880
2291
5152
1620
3528
4270
9956
9029
4395
12021
3508
4661
2267
10610
961
7040
6455
10358
637
5466
10868
7665
852
6468
11250
4110
1588
5137
2061
5453
2307
8805
1962
5737
8756
2349
11974
7891
3090
10045
9356
9520
1880
2904
10719
3485
7298
1744
3449
3701
4978
3440
2898
2345
10799
8382
4095
2978
8382
9098
2129
1317
10133
5958
9392
943
4211
6562
4968
2830
7468
3471
12220
5024
10438
9760
5963
522
2099
11969
6063
7541
7941
11707
11830
1485
2841
7887
1913
687
10533
12310
3580
10017
8720
10444
4467
6029
11962
5927
3489
2129
7349
5518
11989
11095
319
7440
7008
4870
553
7893
11299
8793
11965
1470
5398
9100
10687
4479
5785
2156
5054
9777
12034
251
3668
12042
11325
1977
7394
6479
2659
11569
4714
5076
4232
7061
9294
359
11612
5432
5599
9272
682
11878
12308
9852
7454
4121
10899
695
10478
7282
10440
9513
8448
3728
4535
187
9325
8065
2163
5356
754
11572
2446
7455
8273
7528
11814
9662
2182
8802
8997
3688
3152
6399
6888
5298
11304
938
9882
8316
10493
8205
9010
11609
2041
528
10385
6920
6581
4174
315
11801
8658
7459
12211
2268
6010
8792
6465
11431
8115
4091
12324
1971
5499
11588
4261
284
789
1141
11618
10330
11426
7534
4268
2190
2382
2817
1469
3988
3625
3153
12037
8887
5447
7501
6849
12207
216
8310
5640
8515
6449
2903
11989
12213
8550
8973
7660
8394
10142
10900
7389
10438
4157
11188
181
1846
6025
7356
5548
1007
5402
4948
6735
9223
9868
566
4732
6722
12328
9308
2392
11482
8397
11180
3144
4530
8122
1550
11669
1809
11841
2105
8877
4472
8224
10478
7607
11856
10244
1749
6692
599
10834
4859
3135
7323
5536
4045
9373
11218
1861
9217
1809
5050
6747
11290
6853
5400
10284
9854
6325
3090
9391
10714
5178
2321
8157
4396
2298
10672
6423
11962
5621
108
7337
6664
10838
2298
1059
3098
10110
9910
3239
10968
8724
5994
3011
125
8568
7766
11601
1231
3381
4210
1137
11361
6915
11276
10511
7621
9152
3709
1914
12068
3273
4436
10637
7313
3108
9285
10912
382
4869
3984
8254
7552
9392
1428
883
5723
10901
11410
4843
5042
1581
5043
10378
9919
6549
2862
212
3830
12108
11617
2518
8910
2277
5720
4779
4158
2846
8219
8277
482
12075
3077
4556
5660
10762
6416
12063
6435
8606
827
7896
925
8292
8559
2029
4739
11987
10394
9457
9985
10784
10604
10408
653
6733
4830
10326
11121
6129
8663
11668
5726
1254
7377
6322
7071
11628
1968
8676
9952
6254
2525
7033
2520
3339
5330
4555
11712
7704
6152
10138
9703
2538
10557
5217
11156
8873
8533
4066
8159
10120
1577
693
8758
6096
3790
9592
1583
1385
11049
6536
4858
7165
5073
619
3129
11391
11363
9492
10206
7852
8734
6264
774
5486
523
11128
1735
10039
3924
6429
4428
6946
294
9666
2157
10913
11633
1490
9783
1421
4908
1893
6456
2344
4449
3741
9268
5451
11324
361
8555
6873
9206
5292
329
7634
3091
2156
7233
8386
1630
11578
534
11745
1970
4152
7031
8566
3422
11223
4737
1144
3830
4833
8995
1220
2396
4780
1051
5997
941
11736
5733
11220
7829
7453
4691
3161
5313
1365
1011
10710
3376
1624
9107
7304
7201
11918
4367
6427
780
2280
10466
4723
11036
10081
8509
4183
3456
6353
1623
3854
6725
11908
1335
983
5045
9778
5293
9868
5890
12280
2236
4990
6957
1039
8668
5762
9837
8952
2115
635
10119
7430
7776
6665
7702
5213
5086
4240
1374
3042
2888
5676
1019
7218
1193
2624
3932
8744
8325
7292
8084
8097
8703
6783
1150
11673
4851
5725
1932
5187
2555
6316
5453
11142
5214
3689
1183
12221
11542
7702
5064
9268
6287
4748
9536
3849
5721
2377
11327
9824
5678
4798
3997
322
1623
3927
4034
6305
3404
1553
3576
4904
6290
3541
4562
7764
9438
9510
7400
6326
3818
4267
4218
8784
9097
2814
10146
801
9399
10969
2838
10276
2855
4974
11810
11076
4494
807
4492
3505
10474
5170
3798
335
8934
7664
7465
7807
3067
10680
8847
3259
8243
10491
11178
9697
1380
1290
2643
11441
5194
5689
3972
500
9161
10583
5286
692
4069
6113
6359
323
2876
5760
73
3951
1254
11338
12036
3445
8148
7887
4752
12135
6737
11123
6440
8764
868
9298
1349
9666
5791
12123
48
1726
11466
7233
8380
11114
5482
6569
12106
2159
3584
4402
1452
5335
7523
8209
891
9084
11107
2517
2999
7964
9227
2039
5600
11491
5383
2048
5728
9411
8023
3660
11596
6964
9698
7951
1004
5686
5538
7947
4742
11363
9062
10251
6851
597
10231
6085
10395
11763
1517
5576
7940
5001
3580
6561
5590
2736
5407
10670
7075
6015
2312
9061
3522
10842
674
6430
5755
7304
6712
11644
7885
8931
9816
1239
11507
3138
2585
2961
2644
5111
7807
8421
8845
10417
4004
6752
3652
11969
10117
8591
1087
6092
5050
7471
10511
11799
11998
12336
3809
10544
12071
672
5084
3221
11273
3635
10464
4943
10953
9615
9724
2238
225
9371
7635
7574
5505
11062
2516
3081
12264
2399
3327
7475
6535
8932
5915
9040
1402
2308
4602
4482
10496
530
12057
2314
2226
6674
11875
3514
10208
854
10385
4874
6961
5299
4216
8986
5093
2396
2582
4167
718
12015
7473
9802
3568
5931
2743
46
5474
3088
3565
11860
5233
9145
817
2559
4364
4532
3955
1188
6183
4718
11267
818
898
11243
2055
10910
631
2053
8168
8623
2478
6657
9220
9039
6849
12032
8908
4566
10228
8219
8692
11409
5229
5891
5600
5185
4118
678
11483
7333
6060
7772
2336
10737
4067
4442
2058
9461
1057
10225
4907
5798
10486
12323
814
3603
2205
8572
4692
11240
8311
3889
9782
10171
3044
2517
9098
5376
9327
9779
11043
4451
3180
499
11773
11281
1574
8883
5369
10430
10377
6982
3753
1995
8979
12100
9054
639
7591
5975
207
2913
3777
6836
2778
9270
2987
3142
7665
917
12225
116
378
9917
11311
5268
7544
4166
8667
6951
3786
1541
2209
9000
10275
10193
5957
3503
5156
8855
10530
423
6454
850
2802
4025
173
3943
11148
5826
1795
3660
9847
7078
548
11348
8224
1356
6709
3914
862
1801
6617
6179
6378
1253
4502
11791
11177
10582
10078
3301
297
11978
3812
11640
7695
7338
7611
3305
10405
6306
1578
8836
8016
6959
8338
1123
11284
1869
8860
8256
1490
2431
6115
5431
10746
11196
6528
7675
12099
1187
12139
9691
7173
5376
8281
11351
2851
9012
10550
435
2088
9435
10999
10899
1992
5894
8091
2330
11179
6194
5704
4983
12162
10627
7220
3675
8614
5722
11558
6763
124
8730
6701
10368
12080
9374
6385
11206
11378
224
7544
12270
11796
1912
7507
7578
5924
6551
7866
4483
5586
4900
5270
3806
4724
9247
5386
532
12318
3636
182
12152
4629
1449
8292
2303
4402
1659
6176
6703
9247
1180
7717
10586
7029
1455
9041
10245
6430
7621
2731
8806
9125
9686
9487
589
2339
3204
3005
243
3575
8423
3942
11769
7308
5549
8799
6892
11771
7831
9106
7922
1160
225
9617
3868
4027
11547
531
12138
1672
3819
7913
4457
11584
8475
8882
8945
882
740
11981
4994
9474
3077
8739
840
8925
3708
1191
7072
4311
12161
8418
2655
10689
3541
2814
9257
684
2558
9586
2783
5433
10543
732
8454
8025
241
8229
6203
3123
11069
8129
8621
10453
10752
11958
3205
1406
1726
10351
5212
8231
8001
1498
6720
6075
2362
606
9238
2400
6162
10270
11150
9405
5120
1147
2339
2194
3252
10422
2796
1837
11958
1194
11655
5297
4780
6677
9822
9452
4971
1790
11847
3598
11972
10061
4405
2706
11265
2700
5433
4145
4061
1451
666
9224
9801
4681
3099
10567
8713
6614
5968
1985
8439
1304
2188
9720
8990
11995
2198
11762
3507
10155
9862
7459
4080
12032
447
6353
8443
10872
10593
6218
10418
2820
2487
8435
5634
10569
7161
6185
6913
2155
6684
12302
11735
8622
10632
4922
2987
2592
10800
10054
8811
6305
4013
3210
4783
5041
5178
2271
2102
1430
4386
2083
1150
8245
2896
913
2903
1741
11885
1063
12030
7913
1965
12088
8071
7036
7540
4910
8896
4681
8660
4523
3245
6737
8862
11250
1087
9474
11605
8288
5874
10924
10750
12244
2718
311
9032
640
10514
7335
3595
10859
1084
349
3391
4521
7841
12068
908
9583
8114
11122
8589
9860
6018
1303
7768
12222
12079
2465
6226
243
7379
10463
5398
6612
6617
4742
5220
573
7477
12285
1571
2951
2860
6774
1305
7786
6732
2891
8264
8165
11303
3689
6134
4875
8864
11486
1604
12230
1003
4114
3842
3696
5263
5060
9447
6210
2794
11328
7580
2175
2005
1647
9002
5051
9263
11568
4087
3618
715
9821
8166
7374
7780
2220
2008
6267
9511
8551
672
164
9330
8932
10654
5426
10071
2008
5036
10630
8777
3141
11704
9277
6309
145
5421
6046
11248
5918
11945
11331
2232
8999
11244
1663
3603
4373
8883
2280
7643
4595
4413
6789
8949
3586
11356
9340
8134
72
8539
405
4356
396
11442
3016
11561
9061
3057
10014
8160
7005
9718
11662
1297
81
2380
9085
761
1292
6062
3467
2713
9140
4719
10081
14
6888
4795
8110
11732
8884
9141
370
7962
8399
2832
692
9715
9252
8885
1273
205
4167
9158
11618
8545
12082
7742
11513
9003
4853
3425
6578
3620
2336
5260
6881
5738
1069
11418
6453
2730
4881
2933
1048
11371
5163
6930
6805
5303
6480
7551
3381
521
10636
11117
5012
841
7936
470
348
11806
2674
8419
4324
9908
4747
7645
4862
2427
11909
9004
689
11533
10896
7000
2745
715
9466
10054
4975
8844
10232
10485
2265
6043
8388
4182
6266
9537
6822
7081
5192
8009
1267
9211
1015
7301
5753
11465
5160
7844
9593
6326
6093
11243
834
8880
7604
6167
5540
9343
4665
6422
2320
8435
4193
8460
4238
4526
10943
9361
7465
7004
6918
904
9633
2347
8491
6002
1899
12204
3392
11707
6782
5239
7338
1053
2081
6097
1407
11870
1441
2568
3541
11098
5447
2533
10099
4855
10759
11929
8023
3189
5062
4976
1563
7954
584
224
5929
3749
10290
5992
708
996
3129
5448
5775
6104
7476
435
6772
3150
5432
1382
6778
10768
96
517
10793
8912
10791
5982
10985
8685
3545
7330
1508
2794
2321
12166
5527
10319
10268
8444
2200
12231
6381
8126
1801
3799
8117
11044
3001
12259
251
6487
2205
1361
9119
8571
8962
5057
2295
4115
5186
6630
4692
7483
10111
3452
8612
1455
8680
8786
2275
8742
5970
11932
10692
3654
7028
8180
5393
1747
6566
2635
5398
6235
8610
11733
8445
6334
10190
8618
4250
9187
6791
6976
10583
11797
11555
10296
3372
7833
2459
440
6656
9396
8441
9291
5324
8620
9205
6001
10531
7368
5216
7765
7160
5215
1598
7207
2994
9943
544
4356
4263
11522
632
5682
6429
9405
8900
614
1019
8570
7400
10460
10681
10083
2823
11856
2951
5159
7477
4995
9234
2898
1537
9120
8384
8552
12070
9848
9128
1815
3959
3022
535
10992
5134
398
8936
751
5433
10304
1231
9219
12147
7929
6123
9078
157
3219
1748
10647
9923
7573
11560
3745
8554
11164
9856
11159
6657
11655
1282
9517
9768
7318
6039
782
997
11537
2640
4306
9523
10123
2168
5898
4236
5651
9270
8359
3307
2129
7289
361
1641
1124
11168
4400
8446
11728
9830
10766
11329
2213
8847
5152
508
12298
12269
7894
5286
7368
12331
1372
1806
1327
8504
1599
5529
3059
5351
7417
710
6785
1595
6696
12280
6709
2977
2204
10324
6482
3928
4384
4972
11129
4746
3222
7531
8275
944
6436
11767
11199
8401
11060
2783
2139
5516
4796
6960
7683
632
4241
7967
6066
1663
6451
8117
5393
8600
11863
4864
3387
10986
11380
6393
9198
2828
6874
8689
5137
8384
4413
9954
6772
6844
399
7151
6374
8054
7996
3162
6961
6318
878
770
2220
929
193
4206
9048
2196
4231
6329
2157
7885
6255
5726
6700
8671
11152
10089
10476
2934
3300
8679
7411
8176
11378
12203
2545
7490
4666
5801
935
9494
2788
12099
7732
6214
9141
4244
2784
8106
11176
6635
9410
10263
7146
6017
3735
25
4586
3795
916
6246
8004
8241
10835
7558
3518
5729
2500
6589
3420
4021
12142
7805
8634
125
7094
982
11223
2849
1508
3649
4412
1279
6151
9316
642
7280
7904
10745
7302
2695
1404
6772
2386
5626
8058
4324
11459
10942
6408
9878
1874
7329
12099
10694
5527
11549
7389
10087
7690
7422
11287
8533
7803
2067
3492
2962
6464
2662
3812
6974
5524
6005
1068
11326
5158
3682
5272
11813
11738
4147
6172
1034
6464
5238
634
11277
3391
8494
1549
4407
1045
10629
6422
7301
1640
9236
10144
11849
3154
322
1229
5446
5158
1741
1038
304
5617
9647
11262
2057
2974
1235
4567
5569
4901
181
10654
10840
8438
8056
1405
5737
10771
7844
12018
12175
3203
5944
11609
8076
2796
7692
10387
11549
4323
1751
3599
5804
10449
1283
5052
10562
11472
3880
1568
6186
4646
12221
7543
11491
3700
2171
10934
873
3194
4723
4402
8653
2832
374
9269
10756
2611
7936
7382
5507
7028
467
10890
6293
10572
8980
3068
638
4776
3799
609
7225
4647
57
9235
8549
7972
4289
5421
6575
8666
11543
7311
625
8537
10821
5255
7877
7993
6387
2019
7919
5857
8233
10111
6938
9674
790
10962
2100
10710
1208
5679
9642
11239
1080
5680
792
6025
834
1448
5108
3027
2977
11238
6983
8204
2115
11892
1631
3665
1437
2664
7200
5133
8344
2472
347
303
4729
12190
8475
3268
6575
11187
7428
338
1506
3063
6457
3443
4095
8666
12306
10932
5740
5314
2928
471
2759
3066
652
2272
7077
987
6929
4242
8379
1009
8213
8001
3318
5928
5003
9160
7881
7011
7381
3516
1570
7051
7168
5263
7083
9546
7051
8349
2079
2687
6786
10575
7260
243
9453
4065
12234
5009
695
12263
4709
200
10060
8915
9334
3833
1005
5559
7588
7336
11078
2103
2649
3495
6912
7811
2774
7207
9130
2175
9136
8432
1769
4534
3103
9366
3945
6499
3747
1787
7259
915
4941
6870
1920
2216
6207
2400
2207
8151
2915
8275
830
3028
2898
10786
4893
7775
10428
9155
11134
8470
2027
2137
8232
9396
11476
11991
6773
4650
9393
2938
2176
3068
3744
9718
669
10685
2244
10101
8620
11767
5478
12310
304
3096
8275
10070
1215
5105
5117
6049
10732
1793
7813
5506
9558
9478
5738
6615
3771
2372
11232
7456
3530
1093
9590
7304
8302
5415
5232
6055
2085
7394
1052
3372
11829
9430
9362
4980
30
1628
3165
5290
7054
11865
1608
3807
7364
9160
10120
526
12090
3722
7082
6832
3714
1678
10380
7149
9298
5576
7898
712
2415
2380
916
3930
164
5512
9601
12126
3935
6172
7409
8108
8209
500
1793
5222
4067
2148
8447
2446
8487
642
7891
9722
9121
2058
11503
10254
965
6016
12226
6216
8451
9781
9315
8973
10387
1937
974
1933
7554
7905
3611
1274
9951
9652
8251
6269
827
811
8751
11228
2938
8630
4756
6658
626
3068
6102
939
4679
12218
8916
6159
10868
3867
1063
1668
3907
8780
4125
7955
6020
10859
10705
8725
2441
2972
6399
11188
2587
4399
449
12036
6275
2743
255
7540
10133
710
11762
1823
8505
2520
7007
2867
3157
10560
1462
3228
5294
4527
5865
4539
5824
12327
3012
7869
2081
3175
1911
11314
8485
10779
6377
5610
7357
9860
10465
9308
1831
6536
2376
4345
4642
9356
4497
10848
1175
10248
3536
7612
3568
826
8007
2001
7866
6105
1596
7059
11668
12161
11153
4716
8669
1272
2026
7975
7912
5351
3976
11028
4624
11310
11874
11301
10810
10657
5278
7833
932
3721
11585
11484
1335
1879
6771
9255
10876
12150
8706
5740
2782
5418
7896
10014
6352
724
7549
8826
11542
9724
3796
10248
12240
37
3003
9970
10802
4827
5264
4119
3861
4084
2807
9065
398
6402
609
4089
8560
1299
6932
2527
6350
8288
1409
4048
1101
7360
6759
11810
5497
10504
2125
11872
5053
9032
3206
11052
1733
10495
6145
11648
11691
9788
8558
6036
1897
3682
12192
8278
1448
10747
10969
8716
1870
11622
6266
10352
5834
4920
4019
5956
10204
4381
975
11278
4840
5107
580
6183
1357
113
10002
1584
10876
8738
3603
9998
5674
8686
2674
6688
2477
2921
2444
8127
1912
12329
10916
3199
32
5401
4735
8805
1973
3538
1803
4019
11033
2527
810
9618
4420
1034
12219
11017
7727
9727
9565
2939
10802
5191
3986
12104
4033
1542
9757
2812
3339
8625
4104
181
3760
3386
7115
4681
11390
4597
9880
2593
12257
711
5338
12137
3500
2009
8096
4638
9035
190
6698
4540
503
5208
7275
897
7484
11280
2579
1571
1192
8037
3580
1389
10647
5053
9608
3699
4962
1825
3195
8903
9843
3414
11899
6436
12121
4622
6584
7961
10709
1840
2005
9554
2300
9744
1627
7084
7484
10391
6801
1908
4056
5624
1197
1818
1487
8291
2433
7573
4507
6666
7481
9645
1663
9623
2978
9361
3870
10619
3716
2209
6314
6749
12236
851
5941
8617
10201
4336
4910
9087
7739
11088
8359
6335
1341
11547
10793
2111
5475
4774
8151
6439
2040
7114
9665
4839
1047
9278
5105
11693
5172
7833
5419
11326
9908
5503
8413
9251
4356
10600
2765
680
3926
7038
7672
10892
2165
10867
5898
750
3175
1597
1273
9090
1206
9070
5309
5511
275
12223
10554
7583
2182
2750
11500
1280
6420
8192
7354
1915
708
5335
11692
12328
115
6767
3977
9466
10558
10911
1355
10316
4058
7817
2918
3096
10000
6099
1819
10759
8049
11387
6992
8626
10290
8039
6138
6971
4739
6070
586
8636
1984
5175
1414
3366
8740
10761
1732
8742
5933
6535
6715
8952
12081
396
11329
266
10793
8166
5845
900
14
4287
10985
4551
1187
6199
6354
2155
9806
4180
1430
8542
9686
1233
3924
1528
9619
6631
379
8910
9672
499
3951
3814
8346
11775
9989
2166
5817
6938
1246
6920
9599
8366
7668
10485
9540
3646
2656
11051
10093
4542
12133
10747
7875
7929
5636
2830
3502
7765
10552
2390
6421
3490
597
674
2289
1179
4363
4272
8132
5444
3539
8058
11142
838
11184
11136
6263
4038
9739
935
1020
3173
5366
6499
5380
2369
8936
11251
3367
2744
12313
839
3462
9848
8816
270
6471
4652
3073
3474
648
5563
3977
10755
8046
1239
5678
6879
7827
2042
1070
10922
11252
6158
648
5003
95
8753
9669
6094
4945
6817
11844
8018
2283
4177
4246
9209
7471
726
4410
8755
11471
447
8635
5434
3778
11521
10419
4561
11594
2215
8677
350
160
6757
367
12023
2044
1756
11741
4732
2583
10319
5623
109
3460
68
7609
1061
4654
5437
10513
4041
9155
11182
2031
3056
2592
8246
6802
2285
6014
5770
4896
2784
8920
6243
2382
781
12050
11004
2836
7504
535
11926
3525
3979
8357
6746
11680
2429
5177
71
1359
2788
2493
11617
1540
4549
1018
5693
4995
1469
1547
3763
11381
1774
9612
5653
1316
10466
6968
4659
11661
7314
1184
5267
11626
8608
6210
653
1432
2589
7152
11034
12299
8190
8146
5025
3514
10493
2394
1760
3485
7222
3816
3752
4907
7128
7605
711
2238
1795
9973
7962
11676
972
1036
8013
5515
8661
5271
1643
97
4299
12073
3748
6286
4761
12250
10455
10003
6019
4155
6434
11052
957
3971
2957
4580
1761
9457
12209
1508
7699
6922
6200
10780
7705
4196
11584
6134
9312
2784
7431
7363
11783
7755
261
12277
11494
11875
558
58
11349
2174
2426
4996
8572
10734
11429
5206
5473
5697
2816
3668
6859
3499
6419
9681
1631
11886
2557
7164
7270
8195
8987
5837
11735
8388
1366
11438
9752
9136
8697
338
9133
9858
1423
10360
2245
9724
3035
2143
12136
10974
11334
6876
9124
12020
10178
4083
577
9313
9115
7072
6437
2355
6338
12333
9285
2354
11470
1641
9645
9718
10499
4024
942
9596
1462
6787
5721
4328
5015
1964
6776
10475
9382
1839
4885
8329
8234
10046
10288
929
3336
4848
9768
2180
9022
11212
9767
4396
1624
9437
311
8264
410
5232
3326
10358
5020
424
11704
9218
8779
471
8053
7427
574
7349
4253
7397
7913
9360
6521
7031
10517
10468
3074
2746
6269
6627
7080
28
5994
8383
5502
3196
5
7674
188
3774
4171
6722
1151
4463
5922
8246
7612
11078
12106
8566
10753
10243
7309
4517
5623
3997
9103
6702
3586
147
2252
3709
3923
3138
7325
7398
6185
4067
10543
10197
10383
2703
10584
66
5707
6288
9122
7190
12079
10461
1195
2797
3374
7490
2516
379
11129
4002
10817
9239
2722
3241
8710
6383
10093
159
248
12301
858
962
238
3606
3019
10439
3214
3200
3624
5308
1422
3307
7286
10273
5926
5890
6167
5907
3761
8687
9333
4990
10780
6563
9973
8018
3548
12199
9113
3590
10081
1855
2751
501
7576
6076
6249
6387
4420
8024
4136
252
2003
4474
3294
11654
4254
7011
1508
2958
3804
9614
4873
5718
10242
5186
3679
10932
10799
2265
1002
11450
10834
8729
2246
10855
11273
1585
1702
6315
11359
1308
11527
1437
5969
2037
10136
2528
5078
112
5322
9371
4966
11257
5505
5662
1720
2978
10439
363
10773
1589
9869
11185
3611
2953
5844
1296
6209
9700
2198
3290
9957
7630
1301
10893
12090
10011
5786
1807
7950
7509
10667
4544
4773
10111
10537
10766
8396
1158
11340
11390
11094
5753
11351
5937
2706
2369
7944
11790
8632
9672
9233
2212
2136
2672
11295
1833
1794
6182
10860
3847
6505
1310
172
1352
2149
2921
1003
6049
8689
5077
1857
1390
