732
635
739
1055
417
421
839
17
324
1061
213
104
1069
147
964
717
717
967
171
713
721
666
296
125
738
204
843
129
553
294
347
665
238
102
607
229
881
606
993
215
462
858
681
945
14
647
1126
355
791
1117
64
599
629
654
141
523
573
180
736
137
305
944
983
13
1072
368
303
623
699
268
151
312
1163
510
465
539
73
977
61
792
288
719
101
53
64
283
551
434
463
961
932
886
951
778
571
338
1180
976
186
736
366
195
459
1192
709
1148
71
532
596
1084
376
1172
82
203
773
382
463
1220
410
932
682
992
141
653
346
53
372
133
99
586
177
697
40
511
340
821
846
432
629
521
347
392
1104
782
608
896
241
876
52
1197
156
735
719
150
87
427
1038
268
885
854
735
1054
1134
279
19
931
1132
772
625
1224
807
282
703
713
830
922
312
1156
419
1102
150
695
1158
1020
160
680
1052
1068
387
1109
757
310
522
1198
900
243
14
529
681
173
226
1199
1035
771
43
745
1088
738
1048
445
776
351
90
598
317
315
1173
174
8
743
141
875
1034
929
363
1234
196
763
990
937
306
591
1169
571
23
926
969
378
570
630
967
456
810
52
894
107
846
990
1131
918
316
213
1049
945
465
717
1038
941
388
38
356
1089
1080
1189
726
260
1183
671
809
327
1213
424
144
1197
1011
739
410
1215
275
1151
538
520
561
71
1010
1037
1054
675
876
194
869
23
786
1151
788
786
555
713
794
1043
476
1096
736
776
455
523
360
115
473
663
159
470
655
1135
975
1104
691
674
744
399
905
169
23
986
394
213
1097
905
198
786
1088
1002
223
1233
566
1089
22
950
877
89
428
550
638
396
23
764
1053
1027
1230
391
1067
598
233
998
1046
1232
829
467
1022
274
653
1205
404
119
21
619
610
1007
384
276
611
24
805
1060
439
12
672
552
1029
687
687
968
230
95
831
1199
916
1221
727
783
604
1006
242
1053
729
71
994
115
262
238
316
64
836
313
974
1199
236
512
548
683
844
934
707
364
617
397
204
158
431
1147
369
1064
1097
909
427
586
343
110
716
787
932
264
544
362
926
767
564
554
98
659
781
395
628
1135
1203
384
616
51
398
170
39
717
446
1098
1233
619
998
358
331
443
200
1024
999
887
170
206
955
1070
1032
713
552
348
1206
36
332
433
1088
699
172
825
639
887
820
154
254
919
777
1166
933
1175
106
937
493
987
728
576
422
140
1009
609
323
480
193
465
267
269
110
784
810
11
303
540
1036
789
238
480
208
940
14
403
561
1132
116
983
881
597
608
419
71
224
856
399
821
525
490
513
351
882
1178
827
301
860
883
866
469
535
449
427
502
1216
1177
172
628
1004
167
82
148
1208
457
974
219
739
244
225
738
181
414
743
583
887
942
879
172
1156
804
405
1149
1085
827
269
313
387
866
1003
832
768
155
825
675
423
670
141
315
466
452
770
1044
573
176
791
960
1023
822
1203
450
338
82
317
654
1118
1044
783
539
1028
748
1176
836
