10346
8184
12185
11336
5812
9922
9143
10550
4707
10997
5102
7888
4286
5986
4702
2120
7163
4305
5204
5508
11543
5196
6937
11897
3329
11870
10913
1847
11109
8157
5537
8763
7176
2
9090
9568
4630
2921
11545
1488
2470
11353
3760
9938
2397
3110
698
11937
2700
7186
11778
10605
9969
2625
5505
7107
6865
9964
9123
7918
4603
10483
8405
10731
11405
5492
3303
10474
3359
7962
9730
2692
7664
10005
6356
5262
11936
10095
7629
8719
11302
2370
3267
361
10059
8453
8980
332
11156
1031
10561
8035
5967
2047
11501
8629
7281
5854
6245
7475
10075
10330
3540
6664
870
7421
5935
9336
3617
9294
9246
707
7679
8459
9558
3547
8354
3353
10019
6475
11687
790
2056
8231
2204
6531
7070
5276
6477
9535
752
5821
6751
8281
3134
513
9932
3684
10813
1552
1242
10646
5503
4560
6587
12084
10529
11539
481
3494
9885
6511
6908
7981
1941
5775
11491
23
11544
6409
430
8492
6310
2259
9789
3681
2877
11120
530
5672
5006
4169
777
7806
2980
429
2043
3519
11367
5559
10181
4240
131
2042
2034
2502
825
702
7515
4078
5834
5590
3318
12311
6566
5157
12281
10873
12263
6106
11666
5164
5274
4884
1312
4949
6399
2754
2059
7840
4745
9883
8800
6852
2324
7076
3362
4310
11920
3964
10956
6056
5359
6459
3911
8655
4165
2211
4302
3483
3312
9493
8598
10583
4358
11722
2358
11863
8952
10980
8819
3199
6295
10295
4772
12003
12149
4662
7545
2115
11039
3581
11073
5975
8164
7346
2059
10741
2769
11992
6531
8895
1778
10418
4699
1323
10489
3056
3295
754
253
7579
8988
3615
4806
9950
10190
1066
5749
558
5730
1395
10833
8523
4709
4909
8916
7720
6939
3280
8451
4024
6926
10541
11573
3306
5873
2401
4125
7460
2330
8015
4156
4964
4362
1371
7569
8356
10193
967
7068
5058
646
4628
10569
10723
10716
1766
4918
8031
8163
3656
3803
8929
6320
10892
11424
7287
8011
8309
471
1463
92
11856
3359
8114
98
12188
2943
7679
5161
1707
4745
9920
2564
5385
1171
8276
7446
375
9101
3519
4904
8537
10178
2544
243
3835
1297
3349
5714
12026
3860
10854
942
7792
9529
10579
6456
2224
12057
6388
2492
142
6905
1735
476
1394
4497
3522
8638
9084
9173
8112
1549
6683
5531
8302
2624
3008
9949
4546
6809
5642
6531
8366
2712
11648
3667
1088
6265
54
9044
7530
4288
4018
7222
1073
1734
5961
7054
9419
1670
7974
1476
2088
11646
7327
6269
8909
11730
352
936
7927
9095
3928
6566
9261
5682
9317
9986
7062
1480
1917
971
12203
9173
6328
3154
1608
7049
772
1672
11773
10833
3495
7689
7887
7199
10617
12072
7112
5283
326
4989
11447
11097
8150
10317
9159
1151
1549
3695
10101
430
11887
6297
1939
10020
7795
11184
10451
10223
10841
4369
2159
1800
4843
12088
9616
5708
2456
3275
5820
7618
5181
5893
7510
3376
11165
1774
8311
9937
4675
6628
3137
9749
11782
56
6079
157
4706
10774
12124
11175
4081
2834
3400
7043
1693
5806
7061
6973
10234
7914
5050
10017
10999
3677
1967
11869
8007
8891
5434
4544
6699
5135
5638
1885
9935
6610
12051
5825
2658
9123
222
6795
1573
1070
11939
2520
11122
9508
5799
11920
5575
11468
1469
6796
1686
9810
3751
11018
10372
2191
400
5051
10497
89
7774
4061
1014
8158
1200
841
1327
3603
98
4279
6810
961
2629
2476
8786
8367
6361
8630
1285
4334
4060
10519
5592
9838
5751
3884
2043
8792
3523
9284
3144
115
8782
7976
5729
3988
7033
10823
6859
9275
8964
624
6663
6277
8768
7446
3705
11465
5717
9371
8013
4278
1572
10119
2287
848
887
7379
12153
2994
4320
9952
6357
947
5463
4830
7875
5758
4536
10027
7564
9459
6381
2259
7531
1323
2473
9205
3632
7635
2351
8610
1723
4268
78
10437
9079
7699
4936
11506
3095
5942
11766
6899
7878
762
6809
7566
158
7527
2114
5622
1927
1046
5629
11541
740
6721
9756
4090
11906
8337
12286
11070
5853
9218
330
1965
8848
10756
10484
10199
5731
11230
1476
1211
9979
5490
5454
3740
9901
2915
10458
5945
3290
4100
493
9989
10010
5075
1592
1540
5161
8844
6147
7256
557
6939
5701
6016
1218
878
5159
8314
1178
2475
8784
12306
1952
4536
9108
6732
5669
2041
1008
3712
9760
8546
1266
6806
6452
5495
8029
6116
7760
2951
5304
10878
9044
7178
258
7062
3658
1295
4561
5666
7201
353
7795
2804
1361
7710
620
874
11998
8842
6584
7561
3331
7913
393
1242
186
6204
1608
10946
10256
7705
11962
6708
11358
8173
6821
6011
272
3687
1695
2734
6767
4086
7570
8383
3076
3180
7399
9615
12271
10505
5607
7094
3819
11394
146
6730
7558
82
6301
8030
9615
6564
3767
9032
9512
9768
1209
1560
9824
10139
1988
2449
9277
12109
5525
11762
6251
7343
8077
10712
10657
1360
3182
2464
9881
2974
9114
7891
11251
7396
7832
102
8429
4504
5058
9362
4697
3442
8057
6399
5521
4457
11845
11784
10726
10581
9485
3667
2313
11700
8545
5835
2145
10052
10053
4495
7183
9350
5487
6831
6546
4008
2410
7843
1891
6523
10289
3700
4195
6060
619
5308
6935
2190
10514
11565
6109
7894
6872
3101
9175
5109
2458
11264
9563
12338
9231
9413
9306
3467
5636
11485
6624
9402
7330
11267
2041
5056
8777
8174
12275
8461
9661
5535
8499
1808
8799
3330
1663
8474
5044
31
1915
1660
2363
11481
3655
2009
11337
6178
7468
6094
8862
11316
694
11283
126
3217
12044
6517
9770
5742
1437
10823
8469
171
2220
11065
4329
9235
6328
2579
3589
11196
7461
11991
4328
3860
7254
11976
4854
4639
3041
5018
1243
513
11173
6626
7929
2067
10221
5703
10837
4714
11563
7742
1642
8651
7305
9425
11325
6865
7165
12157
7079
2589
11819
12168
11536
8733
8780
379
4953
360
4265
7372
331
198
7065
6601
5452
9366
7566
5344
10986
3995
11751
9685
6072
8716
12006
10000
8785
11097
7246
4209
6819
165
3439
9028
8697
1244
4463
8172
2548
4325
6663
7660
3777
5368
11636
9112
5525
1445
9911
5024
9116
10911
485
11327
1498
4054
1763
10672
9369
1972
10808
3041
12219
7301
8651
6821
5626
9609
3680
7872
599
1950
9227
3529
12332
1062
9464
6129
4808
4581
4884
1719
7323
3478
9926
5778
2486
11282
11695
11545
2994
2786
8806
7614
1448
6064
813
11071
10126
5027
12048
9639
8521
8350
7624
6623
10342
2709
9017
8685
5639
2755
3445
8419
579
283
751
1418
9372
9415
2633
7992
6289
6338
4500
9357
11636
126
11051
8488
10788
694
2330
5974
386
4215
1993
12283
7607
2040
3714
10398
3126
1579
8497
4967
10095
1089
6763
6694
4065
886
11230
11977
11789
12214
2391
12260
218
5343
7959
2792
9726
8051
8056
9749
5090
9948
2941
7365
4861
4564
3142
8864
2176
683
4213
11063
1469
4023
8192
2695
9998
6171
3673
6960
10935
4987
12173
5982
12317
4758
400
7217
676
2125
10609
3119
4119
10411
3098
4287
11095
3990
7573
2953
9622
1650
10358
11414
4517
1059
767
10648
5072
4151
6311
11144
7081
8222
4364
11437
11326
12077
2026
10367
11847
4463
1587
3099
9536
2417
11411
2775
3890
7658
7468
1425
6565
3029
718
3730
439
8097
9335
3696
7367
9267
4773
5554
718
3527
7237
2510
9195
9645
9386
6675
11255
10393
2278
1998
10273
9241
6799
5700
8619
11952
8837
1105
6918
2006
3973
6465
3643
4229
8777
7709
7507
1996
2896
11356
7403
7962
3432
11693
2051
10415
4372
5547
591
5325
7653
11497
11881
9393
4269
11308
6730
169
7025
10585
6240
7834
9077
3538
7854
1532
10567
9009
8885
11970
7122
7309
8031
8007
9100
6399
2003
4276
4802
7712
7922
1043
8788
6278
1338
7382
9017
989
9459
8162
1539
6445
8618
10064
7578
10651
5583
54
5872
7410
10140
10365
7382
2120
5549
1827
1770
2100
6559
6166
383
5770
9681
4405
7520
6179
7120
9565
5743
9224
6127
8580
11495
12252
7716
7228
4102
3155
1675
10896
916
9128
244
1818
7242
2998
2006
8853
8544
4349
12024
6890
11215
7346
11421
5005
919
1157
8107
6535
298
47
5183
1501
3356
4626
8838
9694
11761
3567
11650
10714
10474
7703
9090
12024
136
6145
11147
3862
7004
5962
10708
4553
6642
8358
4968
1380
8054
3108
5488
11567
3443
4511
1010
4424
12256
1319
5830
3184
10428
2440
9039
11206
1143
3541
8404
12120
11741
10068
6522
8515
10112
1097
7778
3590
7692
5094
9921
8116
7689
5054
7364
843
4868
9970
5949
1406
7329
10228
7502
7432
3869
4674
4191
7116
1155
2300
6101
4662
10168
10621
10233
2976
10716
8281
6055
10830
8191
2282
1405
6245
4336
2638
8065
8143
10292
4579
8782
4594
5671
11600
876
6604
8009
11788
835
5369
6597
5350
471
6188
5754
6524
11759
652
2111
8392
10112
8325
4024
3540
2593
1171
5924
9049
5757
1389
3925
8513
914
4014
3681
2882
4157
3830
9986
11517
6185
3621
159
586
1540
8689
10174
5296
3753
5420
12015
12228
5695
6456
5422
5544
9900
8375
12042
8810
11939
9242
1531
11009
9086
1536
3928
2017
128
2108
8621
8802
9072
894
9684
7731
10330
8005
8809
11812
10545
2529
3406
2472
9958
424
6074
7419
380
10835
9720
7613
6804
4515
981
693
11297
5033
507
1927
9677
3535
644
11216
4937
9843
7304
9028
1426
11477
5137
7753
5411
270
7141
11579
7444
6675
5482
11485
9875
1215
4131
4471
3263
947
8590
11034
9888
583
4879
7926
11534
4774
3152
1087
7873
2010
6377
2492
1728
384
7815
9950
399
7933
4663
3523
597
1677
11031
3230
8741
9133
10975
11224
4619
8729
2460
9011
6514
5819
1656
3778
4630
6910
5282
12340
4091
6689
10679
8958
8843
7779
6204
1490
4864
9155
11799
8214
7746
10415
5854
4855
8812
11477
6533
6359
3521
2013
8638
4571
11181
6434
10459
10535
605
4305
6176
9204
3878
3144
1583
3492
12016
7166
12029
1302
6629
9150
1213
7229
11619
6284
11037
6796
8491
1326
8718
1433
10025
2614
694
11016
7861
12317
803
8785
1606
3702
3689
2604
10289
7326
11720
4800
7523
4454
3420
5815
6674
7114
8623
10831
9818
10418
11687
3162
11079
1624
8558
7599
2790
5008
1009
2942
7753
1040
7289
9404
3493
4673
7312
1938
2750
629
4891
5066
4469
9159
8463
7367
8382
2991
9266
10089
9813
6280
5197
1428
5372
8238
6947
6454
3179
5182
5836
5870
9061
11686
6779
401
8682
5767
5353
7362
10215
4117
459
3103
10565
6053
11747
5997
10946
2116
8475
4995
8457
2931
12138
9427
797
5758
10796
3346
4421
7262
9787
11629
1029
11733
4689
1383
1199
7242
2207
9948
8411
3963
9665
3859
1270
8892
2917
3862
3532
2697
8290
7451
5607
7348
5141
1903
2622
4060
7825
8437
4647
6333
12092
11709
4640
9867
2881
10311
6579
11286
1044
11170
4706
489
3706
3797
11747
3480
2692
9574
10493
9027
8669
2476
5430
8944
11296
7879
5351
12168
4834
103
2919
12143
7673
11888
6255
9938
11201
8148
709
5796
868
10065
12305
11388
8725
1865
11144
9866
2349
6821
4038
5340
8183
4899
11270
6103
2066
9727
12265
5359
2270
2290
4236
4934
9361
3653
1644
10133
1313
776
8964
5566
6715
9031
8553
8484
6495
8332
7623
3853
4460
2776
6919
1947
8958
3370
11719
7879
9270
12090
11771
2050
4398
11574
8698
2702
2719
477
4198
273
6463
7690
6720
7941
4847
670
10081
7562
9233
11507
610
9169
4605
10785
6841
11321
11246
11526
3623
6806
1400
4635
1062
4477
11294
3304
3313
3417
9259
12205
12220
5350
9732
8243
11180
561
7152
448
6476
4978
1514
6520
3313
11575
3454
4910
9371
531
12243
4321
2434
3790
6843
3013
801
12126
10792
7844
8855
256
7500
10231
8471
3058
1880
464
11265
9850
4468
11025
4445
2446
6577
7710
8382
5143
9543
2413
9484
5355
1218
3871
939
4093
7296
6541
2833
4055
248
8459
3429
7929
141
3948
2028
1493
1204
11759
8413
6565
1462
1702
7059
11228
7730
4945
7987
4063
9661
8020
2829
1705
1592
8103
7065
851
3668
12225
10516
5632
8940
2744
9025
11411
9982
8891
3303
9884
5251
6680
10058
10426
6984
7889
8251
5530
3673
11811
3584
10961
5035
11022
261
5761
8073
6513
2890
10101
3154
9725
412
7739
8502
11976
4360
2304
11743
5874
1853
8661
12135
10442
1052
2088
4039
1624
2798
7299
10635
5538
5202
9990
11949
2164
3821
9703
3918
2390
4244
6241
985
165
7292
1083
5306
7109
1748
11681
6011
10858
449
10754
8610
10936
9562
5984
11039
11892
8395
4924
1953
7832
2077
8157
4030
330
1147
3655
3398
8549
4133
1755
11429
167
2859
4087
385
8074
9149
8353
3718
9534
2223
941
5191
7411
9119
11893
11216
6499
7277
853
3634
11222
12041
525
1656
5910
5615
6067
7546
5470
7588
6876
10920
3037
10249
3396
6829
3792
7077
1340
5626
8638
2546
6615
7340
4466
4719
5650
1863
2557
1523
1381
7081
119
336
7650
3929
1002
3458
1135
9813
5911
3232
5196
4842
8422
12250
4722
5963
8451
5383
9219
8768
7362
7369
1426
189
11607
7637
7896
646
6250
7625
8055
1119
8904
7315
5859
6721
9610
4826
5613
8099
2542
1573
8087
5412
11944
4353
1962
7887
4094
1639
3316
5067
2597
6572
1047
4771
8260
5604
3279
4906
8052
2887
7659
8836
8792
3430
4866
4065
6805
2509
11300
3938
2335
8996
4111
7977
4748
6541
11138
7086
9250
6033
1729
10422
9517
11839
974
5992
4959
1200
796
7478
8584
6113
3333
3859
10908
10973
8027
2579
10993
3229
842
2409
8873
7780
11934
6823
7101
9698
4259
11016
6024
11239
9868
7706
11234
8653
11215
10673
11452
11080
451
8202
2978
5717
4065
3589
1992
9862
5652
9701
804
6792
1410
2706
366
10781
1053
911
6806
3872
2569
2167
3778
7280
10929
1674
7381
669
4253
11186
4346
10642
4291
5043
9935
2399
9800
4832
11697
10724
9298
426
5900
5610
6462
4613
1677
838
7753
10929
2899
9221
2329
12290
6103
6611
8895
6124
9764
8767
5759
8268
9058
12011
1490
5250
11706
5033
6783
7150
4033
7620
7332
10538
10422
2633
9446
4952
10940
7590
4943
6534
3546
3644
2461
9122
787
9081
1879
2976
4671
7651
11821
1149
2483
3887
10837
4131
9674
2159
7561
11574
11857
5994
1340
2747
10281
4129
5381
1445
2524
3437
10949
11053
11773
1226
4811
1766
7905
10302
6961
10978
10042
5475
233
6171
9678
362
1003
8547
10572
10127
3483
4414
10885
9641
10691
11680
2252
1988
2099
5242
2259
11334
10391
11279
8775
3025
9371
7253
10914
5959
10052
5019
875
11983
6028
2176
9614
7316
830
9339
6991
924
4209
6708
10608
7034
9816
395
5962
8792
7852
1286
11487
1025
11747
5881
7959
5237
7144
9690
11444
6351
7464
7142
395
1526
3269
9818
3228
1861
4842
7642
8806
5408
2066
492
806
11233
8958
10219
10288
8692
4924
1603
9373
9112
10784
8169
8487
10170
6812
672
10478
8808
5336
9818
2086
4473
8749
7724
5497
4675
3200
2481
10687
981
5753
432
10205
6389
3416
10125
4102
5882
4364
5883
4723
4541
60
6837
10046
5009
1522
9084
10609
8206
4210
11676
5611
174
1807
4439
11127
9444
4394
5426
7347
1844
4204
144
2729
2097
10550
2740
6948
2941
11973
2104
2081
5433
1746
4515
6841
1270
6163
1978
3925
9070
5326
118
6364
12050
809
5774
1368
650
10240
2455
9777
5280
2972
1456
6173
7460
2447
2366
5574
4844
11196
8429
11660
567
11410
7274
9290
12031
10071
6566
2489
4544
4896
9698
6836
6712
7954
4967
2377
8326
4784
2811
6942
1542
3464
11117
543
9270
7786
4053
5025
1883
8579
11974
10592
10425
1466
2682
5430
5919
12231
10511
7896
12325
5472
3245
302
8242
5989
1903
2010
10263
3101
10033
9221
2407
5312
6181
8812
42
6765
4544
417
7481
210
10587
3055
12128
11587
3443
4373
260
6456
2938
8252
6566
4063
7934
12328
996
11934
3568
7406
282
9930
2740
12275
2079
9810
6133
5896
8788
4381
556
11059
11486
3540
7903
4529
9584
9195
2687
7810
505
5680
1121
9813
3022
7881
3537
1694
999
9205
11550
11080
10100
483
1241
8796
2280
6961
11430
7843
3499
1882
94
1054
7728
4540
3130
10323
7739
2710
2645
5022
5084
9541
4498
9640
8092
8161
3211
455
5463
8326
8788
11036
11954
9292
4935
4271
6044
12284
2223
7442
3403
7608
1241
1906
11469
929
7500
5337
6108
5981
12066
9863
5023
5767
5264
2909
4694
2433
4610
11480
9307
1212
7423
10287
536
5646
3535
12210
3334
1163
8043
9983
6521
11587
2336
9463
8296
592
64
8490
3651
11057
11576
977
1762
9755
9891
8475
12239
4097
6217
862
1037
9845
9840
2677
6100
10722
9361
1532
4414
1575
2442
11020
1068
10489
4994
6314
10689
2493
10294
9228
1411
10003
4542
5575
5572
11665
2936
11646
3236
12339
8277
5106
4806
4160
5426
12175
10750
7308
1177
4727
6143
6085
1540
11870
8357
6537
10455
2255
12179
2975
2510
6419
8010
370
5869
717
4950
2266
8187
2114
2957
10567
8747
5883
2383
749
4998
4196
6103
7282
8689
26
9882
8700
5892
12011
4993
7401
6975
2674
5797
3254
7735
11594
2013
5162
7688
504
6199
7543
5352
7364
8360
5608
7499
6672
6750
9257
11167
10531
4542
1965
3478
3394
6191
6649
10466
8187
10230
11703
1722
10542
10875
9465
9033
2243
1922
235
425
4840
4456
4527
9664
3992
818
4813
12227
6401
9263
10760
8016
9893
2468
4989
2525
8248
10786
8882
404
9924
5724
2540
10542
2174
4344
4321
11854
6281
1289
3655
10969
3624
8712
10237
3510
9695
3155
1084
6408
4642
861
745
11199
6207
8247
5897
4661
11901
2742
9843
1887
3204
5266
6341
12158
5008
1827
5112
9664
10286
7958
5110
7864
511
8134
4613
11949
11148
11102
9405
2201
9599
6482
1989
3353
793
4501
7085
4495
7176
6024
10507
4834
5997
300
2429
1350
7029
203
562
11127
8084
635
10368
11961
2516
4382
8539
3415
6633
3952
185
2848
2885
1675
254
4697
8842
11438
8172
3620
7841
3052
3662
11604
8153
2178
2682
7244
8055
2235
1546
3470
12078
11433
12224
2848
7326
9917
1877
10875
8347
1441
1896
3471
3028
9243
9679
3902
9654
1283
12331
11158
11714
6773
7488
7608
10545
1437
4104
9904
8130
7430
4861
4233
3880
5149
9786
9218
12180
1547
2930
10437
8150
8642
10603
3980
5694
10013
9118
5802
8886
6507
11416
11921
3575
10622
1314
7500
10626
4438
12039
7203
1636
10555
8461
3332
12035
2626
8259
8051
8107
6097
6254
1724
4924
8124
6707
9968
778
2951
2517
1453
3876
8259
860
1162
4030
1755
1736
10948
8623
2886
10723
4340
924
3753
2828
3027
4911
5834
2867
355
8429
3046
11010
6535
8060
2404
4658
3719
8351
6016
7765
11302
5252
2741
5431
4593
7212
9479
1744
4655
8082
11201
7636
8673
7463
8529
3272
6069
9441
4065
8493
1521
9036
1976
6425
4017
3111
8076
6017
10097
6300
8506
270
10497
1824
2266
1789
2022
97
10262
6144
4868
11312
5726
9342
430
9332
5541
6500
6851
2338
10730
1892
10708
12156
5057
7234
4962
1843
12023
6310
9447
12276
6620
4381
8073
450
5075
41
12268
4995
3391
1569
7865
6360
3722
6917
6477
11949
1852
3284
7633
8473
10259
2376
4918
2733
11726
4232
8958
11774
4546
5034
7782
8298
2171
577
1926
12
6749
240
929
5793
8455
10097
12297
7790
9308
3280
2158
6946
3703
10986
6742
11590
1519
510
9413
3136
9981
3647
867
2991
11964
10549
5515
10492
7964
2019
4077
2303
11757
12295
2666
4278
4912
3392
4551
11390
3591
4590
6122
10278
11440
2730
2673
4458
368
9429
9781
4940
7393
6637
5816
7502
11778
4058
361
9005
3970
2246
9802
7770
6519
3711
9939
10959
3013
11901
3623
3036
5615
6656
5717
4606
9554
2857
1194
2330
5769
7544
7727
11534
7835
728
11723
6347
7791
10612
3061
846
7422
5819
7
7976
6685
11995
2523
4807
4939
7806
4454
10938
11352
10311
10808
4171
10242
3148
10494
5001
12141
1379
3137
1179
9927
5648
7850
1792
3657
5749
4042
487
8316
8041
11268
7392
9857
59
6236
6320
4536
1393
1956
8175
8828
10614
9060
7381
7818
11133
8301
5425
8922
9459
1380
11438
3406
7644
11861
42
2381
2198
1927
1604
5803
873
6698
939
7696
5736
11007
9083
375
1434
6603
10606
7429
2000
6961
1683
19
8068
5315
7965
2375
3363
6465
202
12250
12073
3036
6897
7562
1118
2013
9676
12267
5845
693
8045
5066
3602
8077
11969
7536
5963
1740
2527
4717
4137
11479
1115
3395
2988
6203
10641
3426
8236
11240
11463
11581
1016
7657
7659
516
8762
1852
681
3452
548
8843
5338
2623
2362
6132
11085
8657
9068
51
2328
6952
1809
11730
9521
7953
4915
8699
12189
2511
1786
10128
6578
294
3170
3440
6181
5558
3767
9202
5363
6295
10407
1307
10681
8649
11512
4293
6970
2462
9854
5053
2781
3317
3579
9222
10103
979
10732
11023
1468
7072
7284
3253
8424
8499
2489
4687
11823
7714
7585
3359
7025
10033
1943
2675
3093
7654
3005
4725
1876
10244
3230
3675
10783
5861
9502
1550
7253
1356
7830
8372
9053
4679
6910
10752
11177
4616
9854
356
10450
7971
6086
109
6891
1300
11891
10453
5662
4755
2124
3964
2803
6310
4934
354
11109
11763
7002
5837
8316
7547
10072
9732
5028
2951
5041
1245
4771
2877
10537
1258
7473
11719
2516
10671
4945
2358
7585
10312
2549
11320
5506
2354
8950
1763
7274
6765
1758
7310
5940
10259
2590
138
10122
3550
4295
5295
8845
8970
2374
8746
8411
8927
5552
5552
11556
5506
4042
1934
6860
3974
9124
1284
1192
7709
10912
8514
4346
3199
2689
8135
258
9372
5846
190
5297
2976
11724
8072
128
8449
10395
1099
6232
9354
7448
4094
7358
6666
6058
3136
3987
1916
883
9756
4523
10539
8175
11329
9359
3725
4214
5707
8326
700
843
11797
10335
2235
7996
3793
1175
2176
10334
2046
1910
9692
775
10428
11574
5502
277
7335
6965
9679
1155
10789
4195
9225
965
9140
2113
9056
4853
1957
10
4095
8264
8118
5405
3739
4526
76
8399
10789
3445
5369
570
3551
4245
676
11917
6760
2713
9693
9973
10381
1100
1647
4231
753
7425
4795
11419
4661
1543
2703
10375
4627
6749
2988
145
12062
11428
7259
6948
1860
2693
7089
6267
3963
9064
7024
992
8798
7942
2241
618
1865
3605
6232
7151
11543
5437
6567
9536
7398
11780
3966
11340
1837
2720
10833
8596
5201
4006
8606
5123
4750
10273
12103
4449
2098
11050
12199
7178
7582
8
591
752
11705
1060
386
10497
5279
656
4582
9958
9601
188
7988
5288
11068
10346
6097
7188
9181
6488
59
7610
773
7324
10660
10484
6001
4252
6946
8048
2720
6328
10834
9471
1056
3991
8916
4914
8631
11397
6239
1565
1350
7369
1097
4626
2954
8475
2689
7501
8159
3614
9754
8180
2597
6109
4986
7022
5075
10257
10612
2325
2242
7145
3859
1200
7397
5716
5578
4955
10250
9399
349
9229
11498
11040
1148
7576
12230
2731
2815
10474
10072
7169
5436
1621
10195
441
1891
6641
1558
7620
4314
1078
10052
4052
9371
8302
7151
7718
8112
10549
2899
8464
7099
3473
10677
10280
8596
7704
5526
2515
4443
3472
5994
102
6668
3137
2588
6114
3988
8649
12159
10913
49
8125
4316
6828
1129
2357
4854
5383
1607
10018
5545
10909
8033
443
5891
12055
2456
375
4549
895
10776
314
2146
21
10522
12214
134
6253
9606
1446
9366
3679
4375
100
5769
10020
643
1766
8334
6602
1193
3350
3901
8451
5241
8462
6256
9145
3209
398
11632
2709
5604
705
7674
5143
11654
164
2125
10673
8133
832
11754
11165
9425
3317
3658
3581
3116
6568
12106
1904
1621
2463
2857
5931
6440
7569
7501
5651
10936
11414
8325
12179
2239
3602
7979
6735
4828
8284
10108
4997
6252
7607
9889
6456
11453
6631
3658
2141
7578
4417
11045
10479
1606
2002
10393
11331
9793
7033
1757
6376
1230
8617
3935
4178
5095
3428
11616
6435
8440
10429
926
2104
8728
754
9513
5088
7333
11661
9980
3563
7884
4459
4268
508
4312
10717
3591
6641
10222
6058
9617
6911
3019
187
2286
5306
1824
2500
11152
2324
2427
10013
1001
3497
2555
1245
3080
1891
3421
8582
5668
11330
4661
1259
10618
11653
9352
7504
10617
4945
2286
7763
7701
3647
2793
6468
8911
8317
10908
2780
9106
7745
3586
2660
2394
5815
10622
4939
6705
1752
7675
2188
9904
9092
9845
12154
6283
7220
5620
8863
9346
1590
11231
1264
7928
10156
10813
6406
3359
5880
785
8197
550
4323
4451
7483
953
2990
8410
4441
2932
3027
4486
1244
6194
10709
2711
7279
4150
5743
5023
10534
8987
6621
5995
536
4446
1425
3438
8768
7305
4468
1940
12278
8437
4631
8339
715
369
11696
3977
3855
8473
9633
1320
2038
9639
9558
2991
454
2060
6437
136
2821
10089
6604
522
1312
10877
248
8412
1382
6341
10452
6262
2704
11385
10222
8026
505
8865
6709
8508
10364
4063
9164
9034
9635
8249
4708
12232
10548
8930
9589
11461
4029
3266
2749
683
9941
11771
7557
4882
5778
8115
2677
3643
554
6396
7380
11897
11735
3941
11835
8976
10894
7289
856
10765
7127
8799
5058
3825
10879
468
6133
9910
12005
5398
9455
538
3995
6527
4337
9756
1368
3184
6355
863
4679
2105
2862
1043
8063
2223
7994
5227
2169
12060
7594
12280
5279
1130
9440
3498
11489
5997
7125
8963
615
9662
7500
9042
4019
11235
1353
6311
10746
6839
11292
7730
8828
10817
8801
11064
4676
9591
392
2287
7998
4806
8641
4696
641
7284
10894
9287
2853
10600
11026
10194
468
9045
4002
11805
2607
8365
11987
9417
10119
7153
1296
11849
3636
7766
5875
9033
4621
6190
7944
11359
9510
5302
1730
10113
7721
38
10423
10463
11277
3192
8393
10873
3742
7739
9642
3856
4972
5003
5143
10737
5407
5327
405
6372
7986
10135
9092
3100
12184
3239
4068
6738
579
5734
712
782
8110
2546
9064
9604
8706
1431
10465
9222
10776
7619
10862
9665
7947
5067
9483
1637
9682
3143
11258
1057
5496
2668
4251
5796
2400
4252
5797
1829
11911
1097
8422
9467
12071
3809
12263
11667
12145
11332
518
5059
11875
4121
5331
1682
12190
831
3730
2360
7793
11817
10150
5902
2119
4218
51
11301
6648
11214
3157
1018
10592
11265
8683
512
11704
886
9733
6017
6450
5286
8914
6227
9973
9737
10521
6145
9531
1879
6987
5596
9986
1281
7746
3747
2584
9444
5223
4890
7271
8559
8658
6425
2520
60
1258
11069
8858
10745
4312
2213
7371
578
1960
63
5690
3342
5410
2634
2404
8606
8366
6722
636
3822
8137
884
1470
3023
1384
8200
142
11130
9462
10596
4277
10679
6565
131
6890
7472
4306
9705
12157
11012
12249
7907
1038
5897
6133
5589
5528
2664
9531
9482
10190
6838
6379
7758
5255
6324
11597
8543
7713
15
10773
10895
1695
1285
1883
9734
11578
141
2760
8887
11033
7643
2393
5539
3585
5415
10539
5923
297
1547
2482
1921
7109
6647
8167
5249
6934
2944
2786
7283
8133
11957
4794
6663
410
7390
10358
7817
8240
7851
624
5709
6526
4141
4105
722
2722
10456
4431
3213
11071
3494
5215
2999
3304
4858
3377
4360
7130
9944
4839
1974
8511
6207
11532
11396
7377
10722
192
5529
10066
5075
8021
2890
204
4498
3366
2057
1421
12123
7741
2746
12179
6743
903
8218
7776
11660
6495
5414
9283
6435
5004
465
6390
7039
4958
8154
5628
12139
4701
824
5409
11758
11487
8824
648
9784
7830
11635
11271
10034
8872
10046
1231
965
3022
271
4364
8214
3672
1277
11961
2544
3240
6154
9295
3218
4812
6080
1429
4689
3862
2831
3484
5592
8891
6128
4495
10349
2801
1066
1068
4657
9530
6106
7908
6559
3166
9673
9438
3839
3710
2859
6282
8427
9709
1670
10208
8854
11836
3447
7166
2558
1010
8457
10728
6210
5017
1252
7877
4588
2689
1925
9718
7761
8475
3353
6639
11724
742
12208
6574
7127
8357
4562
3974
1185
5688
11308
9129
1139
5259
8094
6357
4737
6679
4727
6808
6600
9242
11880
9978
7781
3383
9583
7805
6879
11147
2248
8146
9243
11285
5461
362
11081
9630
2692
6335
11537
6770
10579
11387
7130
2066
10941
8524
4703
11238
6248
7592
3045
9050
5594
6079
7763
12100
6757
8087
3621
3244
3229
2662
2643
2512
9268
5405
468
4525
11693
3492
4885
3070
10092
10993
2855
8522
4891
477
9234
8619
4143
5328
3535
8397
2740
10452
603
1812
11339
10725
8819
9414
9581
2632
10124
6174
7175
10851
7057
5726
8095
10149
8071
8744
5593
9315
8026
3815
2338
5446
10483
9521
9686
8479
6287
4186
11741
3501
9805
2731
8716
8407
3246
936
11569
6617
4006
10188
176
8538
11071
166
3869
2173
3351
3016
399
3259
4725
2919
6327
10773
10564
4113
4864
439
8945
2569
5838
11023
3167
1266
1462
6412
830
8794
3844
7987
8087
10030
7795
6192
11140
6981
7642
9961
8817
2360
4409
8435
9004
6970
10669
10138
5399
9119
10187
5264
5892
5074
7736
5441
208
5358
8071
2781
6192
3521
3838
2050
4236
11434
5441
5822
4683
415
2066
1531
6454
9025
7435
2796
9503
11672
12255
756
5550
538
7215
4568
4573
6
7608
4058
6689
11756
11899
11967
6610
4106
6472
3429
12076
2966
12294
678
5197
3702
2024
12319
1950
6795
9186
10704
76
7640
130
7664
1495
3784
11515
10127
7739
7606
7694
1972
6050
6028
8654
8051
3627
9047
8943
841
106
6887
11383
11833
11978
3834
6226
8309
1663
6933
5216
7342
6749
1737
136
11803
5062
5240
6669
9162
215
12010
390
11729
4019
9134
2723
9853
4663
9352
8177
5005
9429
10981
7513
4352
1580
957
2122
11711
8098
4546
4159
1954
1302
6001
6381
6437
5298
75
1203
4291
4959
3715
6662
406
3500
440
9979
3391
2405
5350
301
109
3819
2324
3446
9567
2186
10933
6006
3694
9782
6999
1609
5647
21
4188
2149
9566
12160
5405
11802
5892
2902
7601
10920
3972
7272
10076
9415
11550
9112
2837
5
398
1492
12174
3522
9503
3851
5010
7944
5413
7310
1288
3976
11187
7066
6177
7284
5027
8977
3701
7589
5202
11994
7398
9788
5780
4537
1311
371
10276
11648
7708
1998
11350
5566
6714
8570
573
7042
9695
1625
1655
6946
7617
7963
12190
6872
12280
1635
11038
8261
5701
10278
1750
9628
8055
2865
8196
2944
5506
5068
10670
11441
3100
6775
11711
7743
11132
8598
384
8982
1933
11453
5406
7030
11228
9520
5755
819
154
916
7556
2906
3691
4069
1333
6822
3032
7795
5179
1083
4409
6391
9802
1024
4754
9301
9756
187
7970
6294
2790
11523
7197
4199
4909
629
7616
7950
10831
4390
7838
2959
270
3762
568
3913
11487
5285
3286
8489
972
4651
9295
8701
10817
3994
6457
11795
10352
7401
10937
927
5845
9869
11211
1434
8942
11540
9931
5624
4447
8528
282
663
10430
5440
6528
1926
2610
3981
841
10566
5190
9583
3859
1137
2033
2164
9724
469
8662
1040
8594
9751
9512
4962
7554
8443
5274
8261
2584
9192
6293
11539
9042
97
4820
1448
1098
10105
232
358
10255
8766
12295
7337
11275
7951
7813
203
9129
9887
433
6524
5898
3591
12217
4435
9870
11292
2180
4763
8014
4547
1784
724
12084
538
10144
5829
740
12232
7146
3697
11151
11860
12153
4376
2790
4293
6013
7483
8295
10169
3417
3352
530
6220
7492
9168
4915
10114
447
8549
11100
7689
9612
7386
11988
7873
10224
2146
12080
2897
620
2928
7137
4222
1196
7398
9869
1244
10310
1464
7750
1755
5445
8719
1696
8815
2020
9928
14
8400
760
4536
8394
8589
6133
6444
6621
6411
9613
11437
7448
6617
4218
11453
12196
8619
11963
7589
11535
10702
12077
8292
7905
1073
10731
12020
5569
11847
8393
4505
9202
8166
11466
2090
4581
9994
1610
545
5854
7791
3136
3588
4747
2066
4785
1887
10978
1739
1460
10690
2694
7799
4572
6602
1916
5566
11800
10443
3355
1989
7053
8376
8958
10858
11642
788
1146
2255
11788
10508
3164
11401
6385
1412
6671
4889
1136
7050
6370
10998
10800
11060
4493
5587
4964
5621
9039
244
8127
9379
4885
7430
3238
149
9659
1910
10806
3801
6333
5234
347
4034
11631
2030
11527
1303
6513
6938
5495
5769
4614
6571
10822
8023
8772
3801
4874
7515
7935
9178
2953
9649
8769
7437
550
2332
9517
6294
4022
11400
6272
6040
6960
7328
2597
1169
550
11846
10988
9185
3122
5970
1284
7531
3830
89
326
2992
7650
10736
9580
3006
2395
2927
6069
10253
11313
7277
2516
758
6659
696
7131
1213
4320
4361
3636
1066
7268
10928
885
6312
7176
2510
403
11074
8821
273
5687
1713
4016
9738
4744
2340
3287
5841
10953
430
7576
8119
2484
2489
5386
114
10564
8460
9851
7366
7113
1800
2552
2126
8942
419
4384
11330
9390
10264
8697
745
10540
2999
9769
4316
2377
3332
10490
10544
1766
2280
5161
3311
8339
1795
6824
4118
7299
10360
12122
3213
1691
2017
3297
5790
9962
6617
7253
12215
11762
311
1724
6159
10902
381
6958
2151
1464
4234
12238
10655
11837
9585
1604
5581
5889
6305
281
4869
6293
9074
4157
3620
10589
3436
5988
3406
8908
7325
3784
5596
11936
9511
10769
5758
4172
7752
7032
277
6212
885
3299
11048
1600
3229
4109
8635
2174
9940
11471
12271
11119
4185
10265
8965
9740
2880
7169
2181
11108
9556
1726
11474
1380
6922
5270
8519
2843
1036
4439
12311
3588
10499
3211
2602
3900
2599
977
3803
9956
11005
12097
5431
6906
7483
3910
4017
10357
568
6176
7377
12294
11048
6677
6394
6385
1880
1046
5058
9608
1784
2476
535
5712
7961
11572
1204
1233
6702
4021
11528
3721
7933
6142
5482
5601
11566
3933
219
5197
3295
5528
2047
8689
1305
2652
9225
11312
1553
10429
1057
288
2017
11028
7535
1705
10706
4260
4476
1415
2919
10446
7281
10643
4291
3420
6084
9717
10904
6423
8316
2672
2990
11581
5902
9611
10116
1954
6917
2986
5512
583
9189
2925
6311
10087
5036
8598
9075
6032
3935
3528
8290
7515
4114
6241
2764
9331
2740
5854
10239
6053
8144
7911
2366
12008
11434
7714
9324
1924
520
5184
4347
1592
9933
3379
7535
461
10020
662
4348
12176
8307
7806
4587
1779
3158
9555
9754
3128
3941
10015
61
6168
8911
4901
10290
5069
1656
10300
688
5332
8628
11717
11766
873
10199
11644
8942
11090
10794
3039
3359
8413
9812
4708
2187
1512
960
5902
3252
1490
8822
4071
11155
5085
1535
9719
10180
9566
3449
744
6385
2342
3425
11882
7994
11014
12294
876
10947
7010
2346
10557
10382
680
5314
2268
6906
8189
6567
12045
7255
1296
11845
5892
3248
4684
2499
9541
2873
12302
8793
6864
2215
7292
3809
6576
2726
5380
283
1482
10044
5706
11168
628
8767
671
1340
1593
1361
7720
5367
6681
9512
8402
11371
1652
9768
4708
7428
7968
9842
6653
3195
8012
2833
8012
2714
3198
10400
11288
9179
5168
8622
330
4324
11901
1911
8928
11210
7819
5286
10595
12072
3676
313
4152
2891
1249
1735
1014
1977
1656
596
9536
3449
12288
97
9126
2817
522
2895
8539
2339
9555
3410
2058
3170
10840
4123
3403
11342
4036
1897
5707
5552
8270
7286
7084
6170
11981
1420
8715
6915
10716
4782
11830
11764
1027
7920
1275
9189
8421
10556
5233
1018
11387
3148
765
4763
7098
551
5985
7808
4746
5631
8956
9221
8801
8967
4639
6146
2695
2242
710
9837
888
9852
8782
404
9894
107
8464
6556
8186
11527
1498
9779
4507
2697
1113
12329
8349
12165
11678
9170
3531
1579
4008
6389
5526
5549
1232
4980
4554
5114
6905
2313
600
724
7592
3858
12003
208
2424
2123
5910
5416
3885
9225
6492
6093
11506
8876
11884
9185
11942
4115
3759
4432
12047
7158
548
12125
7919
9726
2960
3176
1508
9107
68
9379
9880
1662
11375
6499
6560
3953
11289
1209
8429
9495
130
4996
9022
9175
1489
9302
10141
544
2415
11681
10641
7
9680
4565
12288
7359
8098
9245
1086
9463
3353
11196
4499
823
9666
10421
2008
2516
7895
2531
9348
4590
10036
107
5681
2329
3281
6328
4184
1048
888
1565
8439
2378
4362
4086
699
2040
561
6276
71
10251
2813
6526
10687
6970
11075
10289
7756
1726
6183
11241
10609
161
3148
159
1793
582
1506
9912
11682
8799
12268
6929
10213
11459
8833
10048
4821
3057
219
2956
11587
6552
1046
1227
3899
8128
10618
1015
3443
1612
531
10023
3893
671
1594
1480
2244
6569
8559
7085
8721
7560
6011
3484
10423
7417
57
6198
8661
238
3487
5955
10962
9492
7103
6637
6608
10188
5394
8814
3656
5111
1547
3175
11842
7608
10971
10370
