1153
393
401
1117
163
223
221
684
216
1201
389
323
750
581
952
958
990
468
27
1179
707
633
301
1126
749
239
877
796
521
62
223
230
1011
1214
137
615
1179
726
1006
172
847
883
399
437
361
508
330
382
1047
651
1214
820
393
1100
259
549
956
763
559
953
71
192
467
1091
482
996
977
1189
1213
660
1181
150
988
555
195
4
194
720
833
1019
750
9
914
1007
671
974
940
1231
138
394
40
140
1124
795
129
954
163
810
861
839
395
36
842
1214
59
137
254
314
555
772
107
143
1016
531
615
1197
159
582
841
571
776
1113
468
790
736
555
96
985
547
715
198
358
475
106
1076
465
1200
233
94
760
1078
916
919
320
699
618
1225
548
575
839
647
1230
706
117
929
295
1194
260
1181
562
265
721
326
668
1026
483
3
969
136
624
903
213
591
413
812
241
760
413
854
434
882
807
127
241
1090
312
815
1097
583
892
234
1140
510
469
303
963
1104
961
800
1010
636
40
903
731
923
321
527
973
1226
35
1156
970
993
697
807
12
577
397
944
1140
978
589
326
1162
940
1035
667
932
728
1213
812
1189
126
1225
567
730
310
966
919
881
39
775
453
160
338
946
282
741
624
1124
737
154
418
999
1140
909
234
54
460
426
1166
723
523
207
1127
676
1177
239
800
908
93
221
18
393
267
960
1054
92
2
37
189
1104
788
107
396
972
851
1111
176
419
327
267
926
265
640
74
8
76
680
428
1118
971
477
1045
230
690
1101
549
674
567
911
799
777
953
247
1211
833
1218
1100
18
35
1185
1138
161
754
1051
431
91
446
598
1227
528
168
878
846
730
526
892
275
1214
497
769
103
782
741
816
966
44
337
987
138
219
1048
819
465
817
388
1087
1028
627
76
613
513
359
1027
857
653
436
452
622
1037
505
361
32
337
326
178
1047
925
716
352
351
1152
611
1139
824
760
451
869
907
84
702
362
1162
120
147
793
1225
641
599
1146
340
1149
662
240
1194
62
969
663
305
717
119
235
124
1142
413
1062
1071
1041
637
51
169
1160
303
974
616
143
985
646
1196
269
1007
682
357
1167
124
1096
363
863
900
682
970
1018
27
569
409
727
665
669
782
1135
1100
957
821
440
236
153
765
762
26
984
888
738
801
489
848
1174
571
472
321
387
485
153
747
854
1093
556
266
410
463
534
408
452
669
1231
110
88
303
988
214
267
16
307
146
234
983
519
392
616
370
1034
788
223
815
953
233
223
535
875
184
972
584
572
1209
794
1208
47
922
366
836
1124
1005
806
501
796
466
820
505
866
1132
495
810
1058
791
798
993
743
1171
487
55
1011
910
959
1167
180
322
431
897
874
654
122
675
726
841
747
608
826
383
937
53
897
587
1233
1112
1093
440
1052
239
1178
336
355
734
969
980
684
492
305
1054
719
883
886
774
1166
1166
170
572
807
903
9
894
1225
650
919
44
798
645
565
526
710
56
693
361
747
1133
1049
119
933
1049
440
377
662
212
23
184
933
238
1052
863
716
394
23
1225
1230
291
547
68
501
752
694
791
385
350
742
745
90
1052
133
226
912
17
997
364
1081
1061
137
1071
27
1232
77
680
786
150
262
358
1031
1017
418
466
382
354
112
146
888
990
776
59
967
109
277
345
1119
1035
50
917
736
1032
1029
931
297
706
733
190
749
402
596
1013
798
404
694
1069
130
696
540
589
402
1135
980
420
143
68
1018
862
381
603
307
1032
975
1133
731
579
980
524
230
451
599
428
400
332
236
598
10
332
274
489
1207
774
609
649
426
184
1125
1214
18
477
416
536
674
750
646
25
609
78
1049
618
170
670
239
218
92
1187
338
1081
879
1048
493
553
436
549
688
818
555
1027
693
870
457
620
391
403
371
42
173
165
360
256
1
880
454
302
369
1099
777
1212
398
893
7
1074
59
1077
105
639
722
805
508
540
232
462
414
135
1050
968
36
669
655
1193
550
1101
897
644
1213
446
507
775
1071
545
733
306
592
62
291
431
200
1176
944
559
295
893
92
258
141
1022
281
333
1126
172
1116
191
507
831
521
1185
866
731
1031
426
1024
994
997
955
93
603
1233
835
415
1233
981
1040
234
1234
701
833
362
1086
721
399
1
408
854
382
510
108
646
588
79
900
7
703
1123
1147
468
918
536
1134
1154
442
923
446
50
687
954
979
1182
1098
538
320
716
1181
349
812
203
322
819
668
579
527
57
138
209
627
1166
1164
1038
514
159
8
265
575
221
500
123
298
1203
979
1110
797
1177
380
807
849
851
337
1201
538
1144
243
1038
1158
1131
1186
839
402
647
618
931
228
482
951
1176
822
314
643
51
164
943
668
351
1142
163
285
766
384
848
754
288
1188
1026
371
327
1157
605
1219
1226
710
1004
737
996
1028
1114
750
1016
345
134
268
907
714
112
1036
826
603
865
580
795
87
899
247
439
770
1211
450
41
712
90
1085
764
1026
871
598
847
1228
826
405
930
927
83
289
119
1078
558
892
1159
1171
779
459
126
196
1010
199
524
1137
417
261
242
235
913
409
305
1227
383
1079
505
1229
1039
1111
652
872
461
1192
21
141
492
545
561
375
421
1029
370
973
384
318
1033
327
652
301
1171
95
113
175
908
1109
357
77
181
726
57
389
312
972
218
1123
496
995
184
422
1102
365
109
1166
753
939
254
1207
309
75
703
980
471
584
898
486
341
1196
445
210
1062
814
425
1168
1121
190
231
481
12
1086
742
1192
15
407
66
410
434
875
446
760
297
172
676
125
870
999
452
1202
504
529
373
562
909
683
66
43
560
1193
467
878
874
179
899
828
263
1046
998
525
488
573
1191
1154
747
306
849
930
695
51
845
102
275
470
915
173
958
539
1217
182
737
1089
26
1131
729
479
118
919
1150
786
221
1083
174
372
124
353
182
71
159
1067
919
1016
913
565
1186
1007
213
1027
662
129
292
469
161
526
300
1229
131
965
935
49
452
1067
1186
990
480
798
566
966
206
545
662
406
1093
1063
77
598
865
615
724
1038
956
1024
865
1101
