72
1185
707
1194
1207
1151
809
676
1072
1048
257
458
1065
707
443
641
405
417
832
1132
914
337
898
365
328
366
62
662
397
380
986
1016
63
406
101
1173
717
891
923
197
1134
724
1150
923
1107
625
869
195
1016
1093
604
649
677
718
236
512
270
392
95
149
288
545
1067
804
138
201
503
369
133
288
440
1198
416
657
320
813
188
205
1113
815
533
636
708
16
299
1228
892
644
445
945
734
285
1103
823
977
354
308
679
839
1110
929
671
98
623
192
509
9
746
928
856
889
740
607
1169
522
881
802
852
1098
782
1017
625
405
208
585
520
883
946
30
629
501
670
709
871
698
391
772
615
801
926
109
1075
439
625
1115
507
331
248
1011
562
433
363
110
206
413
880
449
724
427
1107
810
807
1078
767
926
516
691
956
1128
1212
385
389
58
727
903
1157
920
521
65
755
1083
765
1218
100
690
501
612
823
48
324
378
1171
420
39
332
261
1072
78
1115
837
1116
196
975
661
575
854
582
715
19
732
538
66
920
320
664
151
1180
330
1198
370
767
981
930
240
291
630
269
642
106
1084
1031
287
1099
825
773
249
647
427
549
897
192
320
48
710
817
609
426
160
852
733
1111
379
654
813
836
265
137
886
1150
372
907
862
708
837
343
174
551
981
145
278
785
854
454
1197
1228
351
562
1091
10
306
98
784
399
581
1232
646
103
1010
936
848
871
658
480
657
1040
1152
762
557
918
466
1104
1182
266
180
405
434
233
210
688
454
518
842
504
324
891
92
496
210
62
641
176
1197
464
753
546
222
538
1063
40
836
19
742
1198
378
929
350
1187
8
310
133
355
623
725
441
780
4
276
1081
1123
1065
154
1191
641
591
830
535
523
853
525
249
309
1224
55
1164
668
1188
237
582
560
497
645
184
993
825
509
821
237
1052
538
1120
606
1153
729
769
445
390
229
465
130
1157
493
1053
336
352
150
886
38
310
1062
247
135
347
1068
1108
1085
388
656
37
379
1153
391
481
555
443
89
124
94
754
123
535
288
272
127
1012
1181
890
795
446
988
1137
635
1033
46
1178
83
417
375
1128
438
196
672
363
1133
234
17
587
17
1109
453
888
1165
263
672
93
440
753
718
1136
731
634
832
242
311
883
796
701
257
842
190
384
4
593
862
742
458
274
550
618
274
688
4
286
11
640
579
39
925
331
617
314
6
720
99
1128
989
703
844
783
1179
918
46
829
237
250
1167
367
921
922
974
899
129
498
275
662
375
372
23
1136
80
885
307
299
194
738
61
245
969
682
519
184
26
733
361
255
532
524
1022
467
274
185
699
442
307
51
609
465
130
574
487
298
368
868
1026
632
1038
1166
771
277
563
787
1070
654
564
1060
772
1069
681
551
123
46
206
132
1141
778
146
122
513
166
1076
830
490
644
1072
744
205
685
939
152
159
753
597
141
939
854
903
368
731
648
585
722
356
1198
263
127
265
166
393
1093
97
1144
1147
386
1121
567
600
718
111
216
91
312
609
868
268
1047
581
703
487
443
893
54
431
1002
1145
126
781
96
427
998
627
293
834
1222
171
320
591
757
763
948
664
568
720
810
980
1076
450
788
884
181
738
1055
152
1137
891
423
100
48
219
877
306
566
952
302
106
262
327
298
1182
189
944
527
412
1073
64
420
490
1191
749
413
562
474
381
1218
529
122
600
775
281
52
321
93
773
851
357
331
787
1102
405
1154
963
1077
313
1197
1136
1065
467
553
384
153
92
833
1021
474
888
142
425
1202
515
341
462
785
21
843
8
906
463
942
1046
338
903
570
953
768
573
1073
830
128
875
701
874
292
170
327
962
338
355
610
884
1171
734
663
648
470
617
443
124
735
224
788
295
8
576
1002
851
29
845
508
1106
596
142
415
329
470
712
677
1233
961
1065
419
561
448
28
1057
897
777
587
138
311
572
611
780
1176
413
586
1049
84
286
819
213
390
739
499
545
410
980
1018
454
932
845
889
137
669
493
308
388
615
126
352
616
1151
80
7
907
429
689
1221
725
267
748
514
1185
178
432
188
962
997
602
935
518
243
114
1185
1033
1197
179
776
742
659
85
807
881
1079
354
1062
484
46
931
1018
987
729
981
1035
503
483
779
700
404
507
489
1000
278
1154
482
1216
520
844
375
33
878
1103
769
698
1176
886
912
641
118
1137
511
619
653
474
699
356
1146
779
472
821
125
1017
70
1073
206
1120
664
215
80
350
557
686
520
1161
147
233
121
92
423
1075
378
1108
439
150
680
441
827
312
1171
503
1175
487
1147
744
259
441
945
957
1231
427
686
532
268
925
633
1003
175
386
575
291
888
152
609
56
442
90
384
365
1102
756
313
1104
659
1182
132
731
343
803
717
773
307
876
76
598
214
7
923
737
581
909
740
351
545
1051
834
395
300
1065
646
1008
223
1126
841
1023
1011
234
300
464
1059
756
855
142
925
956
546
362
731
969
641
1033
248
1139
630
361
942
471
350
969
524
379
77
349
328
497
728
1009
1227
1147
329
208
125
660
137
438
169
699
378
619
1074
858
230
661
1183
918
1051
934
614
396
1074
876
1223
52
753
247
615
1010
784
628
622
797
643
525
129
359
358
647
1193
659
1068
1232
372
1088
21
2
890
100
801
720
876
397
306
871
304
1175
1185
1155
95
458
1114
991
334
87
148
1023
104
776
243
275
488
1155
907
629
857
800
407
848
1029
504
382
3
994
811
879
622
408
1090
676
1132
683
292
190
706
1125
178
18
678
1161
706
1093
795
1212
1164
967
1221
80
59
299
1097
530
1052
1037
1083
537
790
7
297
1070
1149
1078
57
60
832
519
601
92
88
1077
950
194
198
739
709
272
670
151
733
540
299
472
1109
1198
979
636
1067
542
1183
1005
1036
24
265
891
1077
746
20
577
659
951
649
525
600
73
801
336
711
463
913
400
232
905
439
333
230
246
1061
1152
912
725
937
429
91
628
452
234
232
1155
827
797
1166
1009
160
1034
164
539
953
737
900
1110
