568
802
255
911
1031
579
436
496
638
634
1124
1105
1074
705
31
1043
698
688
504
349
202
1106
554
154
476
796
418
461
560
998
247
1139
415
76
558
435
20
740
690
763
817
701
226
1205
864
954
618
1117
618
754
417
821
1000
838
503
550
375
1232
1056
518
432
1119
1069
931
84
721
1077
235
727
496
51
93
1023
225
313
985
836
100
1103
1038
1167
510
225
733
253
888
756
157
50
1022
963
804
568
657
959
780
893
451
881
435
817
77
315
1043
1156
48
1078
943
995
1060
506
446
310
177
1018
798
1178
679
641
557
1020
949
826
62
1061
576
69
356
704
104
1089
638
544
649
58
571
1193
49
212
502
323
644
598
1138
299
1197
893
544
756
762
844
422
272
240
701
854
462
1151
30
340
1014
631
682
525
1007
253
666
1163
579
840
106
183
435
45
209
167
262
403
731
1124
866
90
1069
231
57
1071
379
1077
539
201
385
1037
1134
638
922
946
825
732
640
688
731
396
890
998
50
225
119
333
344
67
1201
1067
936
629
1039
662
290
1127
317
151
13
1185
104
19
946
300
922
759
716
409
1200
519
1045
314
531
543
648
659
751
80
117
265
716
7
245
812
330
209
322
711
39
496
477
754
1056
386
48
295
113
26
23
945
116
1016
907
1078
750
347
562
373
323
1130
808
66
658
716
778
1199
302
1165
535
493
590
150
262
206
609
445
584
294
422
487
133
35
550
1147
265
1230
1070
1157
303
896
85
794
459
558
454
173
231
160
1171
147
993
933
1089
1133
1084
559
1126
391
1162
181
748
876
261
160
842
498
720
126
592
1185
995
833
1047
1219
840
112
805
1023
592
268
1085
557
619
929
881
547
253
526
1180
954
1074
406
341
48
45
786
290
392
110
562
330
588
1149
87
899
1091
1152
759
12
542
706
477
389
821
1223
991
543
766
264
426
178
1004
890
249
654
746
1010
708
506
766
517
50
637
565
256
895
630
320
246
877
616
975
159
575
319
778
1212
917
960
234
1180
286
1080
789
887
459
386
368
473
1038
515
622
692
852
36
1116
797
858
705
117
718
584
711
859
469
819
919
872
1112
975
322
563
142
814
199
84
909
358
240
78
690
969
669
1212
883
1096
850
15
608
993
38
993
1154
578
814
916
474
542
423
547
1217
609
1020
516
55
1027
1089
782
1095
419
401
788
698
97
206
33
728
1200
190
61
467
931
836
188
2
27
712
512
1002
867
189
433
1168
9
967
427
507
371
576
651
321
674
325
328
260
247
145
538
10
483
938
91
38
1179
1081
168
804
1139
430
208
931
1161
207
718
801
528
998
403
1095
135
1178
725
587
648
571
58
410
1219
41
401
775
276
765
747
278
738
68
943
264
316
1131
833
83
150
247
56
516
87
1198
613
354
161
7
327
217
637
424
183
613
379
1208
850
875
207
718
516
143
299
535
212
414
582
392
405
338
389
898
729
1117
966
1057
1111
574
720
572
626
199
1038
719
46
1046
74
887
653
865
