3982
5859
12203
5871
5747
2126
3159
4716
5945
528
4583
11937
6665
3891
6823
367
3284
4883
3196
8491
2326
10968
699
412
3481
1457
7234
4610
10327
5457
3822
1632
7529
8228
3523
10493
11869
1025
2685
5943
1915
6425
10026
4370
11894
7195
2555
11716
4981
6974
11098
9917
4325
11573
2647
1878
6182
9766
5325
11283
1445
4136
1392
9975
4878
2436
11430
85
7393
10226
938
3879
116
1449
2343
1158
4026
1897
2492
1023
6296
4945
6253
2657
7859
1441
10380
11117
2278
7167
11630
7299
3607
7248
6888
11416
11118
3821
10832
355
11884
5359
5140
7750
9406
4377
7894
379
11836
10839
4132
4055
1310
9165
5994
8837
7375
2586
4201
3155
10245
3809
12153
581
2544
8552
7602
4649
3534
4130
5749
8398
11978
8095
9168
5652
11646
1487
2406
9656
2236
5277
6593
8897
10543
147
3107
11139
20
2893
3088
7970
3071
1750
9892
4282
5846
3721
5778
11511
8458
2976
11905
1731
10631
3874
5662
8092
4010
7621
12193
11692
1457
11431
3195
5268
4743
7392
5538
5745
5891
4216
4094
67
35
6053
2324
7226
11194
10988
3777
6353
7082
5645
11861
5483
7858
10624
6955
4005
7386
1499
12101
8359
11700
2196
4489
10835
891
2471
6939
857
2351
1970
4163
4144
11655
5957
9464
5214
661
11294
9370
4310
4540
7159
1116
8432
10136
7632
11841
7908
9377
12317
10829
6724
8783
11552
9744
247
851
11450
1196
3276
8637
436
7219
11393
571
7093
4204
5553
12030
3079
6704
4255
4719
6204
8891
10938
11504
10087
9032
6842
9873
12189
5588
9225
6495
9115
5361
2338
8790
4843
7872
5247
5920
11774
1895
10980
9875
8061
3636
9541
4789
10776
6640
7410
8695
8839
698
8819
9671
3440
9691
5490
1223
9243
339
10672
10089
10409
7338
7296
3720
9409
10019
9082
11858
809
8105
3618
5091
10382
11484
10868
5997
12229
1034
11257
9153
3855
2149
152
5481
1575
11550
1764
10428
8639
9789
9257
482
11486
4721
8132
8127
6987
6656
3017
8604
5740
11372
10393
4233
2826
6213
5845
8806
359
2053
10699
4584
10815
6137
2787
10548
5339
10798
1335
5379
1063
4206
7852
1928
11136
11317
265
4132
137
158
8361
3790
9240
11506
8978
1574
7315
2453
8223
5200
6452
7976
234
4155
4161
5327
11538
7223
7645
10446
6005
10913
4318
9994
8474
12211
12267
6052
4979
4979
5934
8030
9820
685
7683
8771
5872
6324
9958
1816
403
11960
7270
3621
3878
11797
8752
5530
5605
11285
532
8398
7855
3185
116
8596
6560
2846
8257
6624
244
539
1035
772
3998
2578
768
8814
11680
1989
5875
6831
10543
6130
10002
5396
7675
6629
3753
7083
3948
11433
4095
10199
2748
9658
6857
6683
11238
9320
11235
6765
5898
3461
1602
6605
4800
2886
2229
2451
1788
5450
41
7510
5431
1178
6207
7667
3542
5217
6780
7318
7587
4476
2127
8115
9608
3607
4240
602
11060
3900
11743
927
8458
6698
2077
7955
9365
996
186
235
7952
11851
1308
6690
10849
2305
10144
4780
3436
5892
6946
4553
5362
5745
1233
7441
7817
4593
886
6654
11258
7645
8885
11220
6086
9969
8263
9680
7993
3836
11275
11866
6935
14
10506
12000
1838
3342
648
10331
4704
11731
10099
8341
1385
4574
2648
3967
12316
9109
8489
11015
10791
2304
5372
10236
7127
10500
160
9473
3296
5947
8206
9486
2121
2157
3522
10880
1417
4943
11951
9612
1974
12153
4192
11038
5401
97
5107
4124
2270
11458
10838
3495
4025
11544
5671
9788
653
6959
11644
365
8798
2861
5659
11137
255
5928
5080
10646
8789
9807
10595
2751
9805
3657
2306
11152
1452
136
842
4004
477
2261
6887
11335
6146
6077
3059
12019
1886
5058
3430
9385
1369
9460
909
6303
9702
7151
5835
6569
11179
1471
5562
7509
4924
9725
6143
1859
4705
4459
2283
4377
5646
7136
4621
4167
7262
9147
1148
11801
6539
2147
9843
1158
4420
4756
5073
7964
6526
12009
10036
2308
11358
5583
1334
2840
9344
3043
10481
11658
11540
7545
6162
8587
1006
2781
2908
5014
8787
7560
8808
9306
2366
4157
8661
11664
6806
1572
2808
5626
11680
5087
4783
4908
9015
11644
7054
1079
5640
403
10999
4045
6764
892
8044
2084
1654
1312
7385
5405
4044
7026
7488
3992
3913
3537
9047
11479
1164
11273
9662
7136
1592
5491
2743
916
9808
10055
8214
11852
9299
7372
6855
6024
2371
9663
5088
9403
2222
9861
6468
2953
938
11164
9727
10082
4819
1198
7511
2692
8934
10977
7467
9697
8562
2407
7495
8989
7295
1772
6099
4820
7433
2328
9468
48
4320
12112
6895
4013
324
9603
6777
18
7876
5172
3310
10417
9738
11655
10316
11108
8258
5473
11933
10612
11852
9423
6125
6035
4213
8645
8437
1533
7344
3027
6522
1414
995
1624
1061
27
44
11078
12129
11233
11352
8470
11637
9393
10978
1071
8181
7361
3393
8734
8773
7929
3770
2158
874
6054
7308
3813
10571
9492
7838
1502
5910
677
6995
10921
11860
3126
5142
3006
574
7090
1051
2557
8027
8750
4897
5333
10399
552
179
3012
10017
10819
8727
4654
3826
4025
8633
782
4393
1383
2825
6522
10211
5450
5156
5143
4247
10725
8495
372
9680
5361
8131
10741
8984
10866
5920
8886
9734
8597
8044
11542
384
12322
10238
6519
6081
7600
8456
6149
2481
2117
9600
1624
9368
8949
10596
8014
12232
462
3404
6065
11454
8973
4830
4389
2709
7310
6516
427
4589
6751
1655
4212
12330
1498
9046
11520
2055
10744
9118
11074
4622
4489
9114
12167
8679
2190
162
4791
11338
9156
8378
546
7302
11667
960
571
3341
10068
6723
4881
6310
8225
835
12069
2588
9873
4358
8319
6610
8965
7480
6883
2851
12
9361
11737
10425
5362
10456
6724
6595
4377
1978
11213
12076
4585
9527
10914
9189
3150
2330
2982
8506
901
2194
3903
11872
12105
2139
4924
7716
3050
1332
11900
3975
6999
9096
12335
9631
10557
1461
6922
8900
4826
12263
12276
705
6576
9585
9364
5946
2091
4534
5290
9583
5943
2188
218
7605
8756
7891
7492
10355
668
9584
4619
688
4302
3894
7717
4174
8583
6542
5653
1879
4982
10067
3770
10197
3710
68
1225
3683
4948
9424
1806
466
1674
2804
457
7649
310
5940
9608
6106
817
11517
3895
3197
7610
148
11959
7008
3347
1852
5745
4142
3934
1719
7159
362
2078
10321
5668
4892
357
8465
1808
2011
9904
11628
3328
4522
10669
3631
10188
3968
9658
10216
789
7790
10850
11054
1240
2529
9751
3204
1555
4595
11657
9180
4833
8859
10651
8280
10061
5966
11025
4180
9642
3061
4140
2331
4045
9102
11430
10499
10138
8025
2505
3085
5365
6192
2764
9770
4516
6313
4280
6480
6113
2327
3961
3404
7423
8916
11484
1706
4937
9798
5931
11114
11696
739
4937
8167
3918
3771
6383
9735
602
987
9961
8117
7542
7306
8393
10226
3539
9736
1232
9179
11900
2784
10388
2032
8274
9498
7768
7072
2446
10440
3132
9782
1258
9112
6651
6230
707
11884
1279
1804
5066
4014
4209
4277
3879
6640
12070
3175
2599
7492
8257
3148
3523
10928
8652
9533
4345
9456
10199
7630
5999
7903
3219
3009
6831
434
7404
2793
5818
11090
1542
2628
569
9788
2894
4206
11447
10468
3399
7551
3200
5237
7754
5069
8098
8215
6721
8102
189
5099
2434
10519
3937
2827
125
9742
5924
9107
9757
2155
11914
4215
3184
5988
10914
10571
7370
9989
9687
11883
4184
5269
6658
7847
261
11239
9183
276
12195
2660
10653
230
1487
9467
6470
10319
4248
7442
4919
4569
7489
6240
3228
7037
8146
8776
11255
9916
197
3185
10827
3228
1449
11820
2056
10016
5639
308
7724
12064
2008
534
2578
5729
5825
9838
1879
3587
6783
11964
7234
1646
1299
317
10850
9139
2145
113
6823
947
11892
11916
8890
9954
10239
3827
6463
983
6309
4245
9390
11230
9441
10699
8741
9198
6688
5829
8540
539
3263
4084
3299
537
952
5817
5053
5785
3860
4149
10133
7344
6726
11526
2229
4572
8644
9219
7263
9321
4910
8915
6153
1175
4766
8381
11138
12090
1387
10153
9176
12118
10522
6889
2612
10460
6287
5342
1560
8885
1506
10173
10674
5149
745
10241
2242
3195
11096
8506
6475
341
2840
3298
4187
11975
5674
328
8168
6539
5606
8005
8450
6624
7072
11609
7194
8035
9899
6006
2373
11872
7990
10753
8533
50
2348
109
7338
12259
5397
1844
6709
8591
3969
11769
11815
7399
8167
5027
3157
2785
2108
7926
991
5562
11866
8794
9478
6852
5516
11670
11228
7396
12288
2290
7321
2802
2400
11504
3633
2240
12160
10304
7374
11870
6623
4120
2872
1606
4756
10835
9948
10373
3064
2890
693
8600
9576
3385
1790
9557
2194
3706
713
6166
8854
10016
3311
7348
3459
8900
5310
5964
5156
11896
9223
463
5561
4852
3769
2335
2984
6017
678
7184
2231
1794
7966
8037
7574
2846
9930
11551
5372
10515
4088
8482
4690
6989
1266
8540
12118
1324
403
11844
3111
11803
8666
9425
6912
1933
2179
3975
1452
8902
7426
10376
10405
1872
11770
8379
8184
1197
6760
22
12228
2551
7103
8968
4310
3534
5295
8
11913
9244
10653
3571
7574
11016
2891
9937
563
3656
9090
3632
9215
5612
2400
5715
1902
11785
1957
7783
10010
6663
10016
3218
7758
2712
4736
5870
932
5299
1855
6658
6588
2751
2102
4596
444
564
6634
4953
7561
8545
4888
6028
10679
8521
7874
671
8869
8520
7904
7151
10959
10867
6899
2435
194
7749
2544
177
10442
8801
11225
10903
10749
6953
7142
10175
6953
8972
8845
7928
10220
3083
8792
2013
3863
4627
8222
9980
3849
10986
6010
5782
7162
3443
7855
3198
4245
3744
1621
12324
9317
2402
3818
1737
12119
7195
8740
742
8787
8480
11215
788
10137
5120
9104
6130
6723
10946
6754
619
6747
10848
934
8819
11246
9293
11060
11174
8644
2462
7902
4808
11254
6918
2758
2162
7118
4951
8260
7202
8383
6437
10814
3545
3452
2128
5143
10607
3866
10980
8789
1663
2239
11243
377
12071
11466
7602
5468
10646
2618
11973
9885
11066
7551
10905
10739
67
2725
9675
2920
9623
12128
6335
5331
2527
2246
7063
6259
12204
12290
5237
10897
3220
835
8795
9825
1812
11574
5444
2717
2203
10668
5953
1894
9091
9155
4464
57
5266
1392
12013
8899
2796
3562
10851
993
5776
8746
5225
2897
5901
1118
6702
8113
5061
2800
5932
6556
6363
2719
6511
11658
11276
1445
6419
7122
2004
8186
2631
1667
3988
7969
6227
11743
6324
1965
5295
9218
3603
6787
9200
9347
11224
1923
5725
5176
5983
1650
4566
2011
1480
215
4296
4012
5254
6309
4664
10426
1020
10099
1823
3835
11307
4502
4169
6490
3484
7216
12299
6422
9421
8355
5486
6960
182
4298
8974
2018
5713
925
10696
3377
496
6348
2688
6387
6838
2684
1965
10494
4125
9664
4579
2719
6898
8772
11713
7778
6979
7150
5263
10991
3258
620
12039
6301
6320
8500
1935
11140
7804
2472
4862
7109
11290
4187
3831
8863
1350
1776
2772
10649
1973
10756
575
4323
1214
7943
2751
7196
4083
10155
4480
4153
7744
8403
5976
2718
8761
5821
10857
12203
9349
5863
4622
632
989
10053
2992
10145
6761
9019
6368
4561
10194
4446
2575
11904
1187
9814
3774
9923
7144
8664
4855
10704
7882
5957
5234
1826
9371
3553
3291
3060
1211
2974
2602
10812
2597
8852
10622
5563
2227
6205
4577
9539
7602
6762
7612
4620
1260
6219
3526
5236
4674
1073
8033
10950
7164
5565
4535
3642
209
3736
9710
1034
7966
8747
6432
9638
4662
279
10184
9702
3832
7706
11816
4467
6604
5375
4960
3897
3380
11339
9948
7476
2956
11936
10582
1535
846
1101
1773
9394
5289
4658
9320
1327
10703
10542
8950
2126
529
12159
10557
10235
11517
2252
10921
8088
8004
2990
7082
905
4117
11467
6603
5844
1754
7954
3501
12040
1978
12204
4300
3193
1306
4470
11918
11954
500
8034
8421
6320
6154
10241
10541
10376
10467
9008
12075
10048
6899
3521
3895
2443
4067
5553
3492
524
5167
3074
5025
3427
1148
7075
7851
5411
1918
1069
216
9117
9326
3763
5586
10637
3282
4721
10363
4260
649
9681
2815
7406
7445
8213
8785
7030
9738
9416
2872
183
6793
1176
2804
12189
5808
6640
2938
5330
8652
5758
6139
6134
6697
3462
988
2807
1478
322
7211
3231
7767
1285
1972
8871
10796
4961
5735
8795
1325
8921
10771
10
169
6906
9817
8830
7319
3125
5755
2536
8251
965
7386
11783
11156
9745
9007
1200
11378
960
9908
697
1066
2163
10691
11187
3078
411
9703
2457
1238
3465
11852
11400
4767
3887
11299
6252
9223
2905
5098
8003
11622
979
1344
3780
2952
11075
10436
8925
9128
9622
3061
10107
8752
12191
11313
12005
8952
8557
9785
7631
4444
10420
11840
4460
2298
8106
9201
2064
11100
11759
2218
11774
11498
4536
7194
7185
4983
785
9215
11205
752
11250
8277
1292
4819
11967
509
12219
3078
2744
938
1465
5366
2915
7292
3402
2507
554
8082
1140
9939
8257
9716
2410
10664
10220
10820
9129
11499
9387
4816
12283
10315
10076
7762
5850
5489
9623
10350
3266
11294
1626
9575
5698
4035
11763
6036
1989
4445
4478
11418
11752
10319
663
4404
272
9790
608
7910
664
7822
10302
10572
4160
9326
9752
5528
2765
8644
5658
6660
2443
3780
2100
7389
5507
11077
908
333
5053
3988
7685
11910
9476
11554
2106
8875
3604
4459
5438
7864
2036
10314
5026
6694
6589
2700
1037
6707
1617
2874
11399
3849
1261
9995
344
365
1595
5548
1938
224
6820
7257
10078
1714
11492
146
5676
1094
5973
2832
9037
6776
9093
9701
3573
6272
11030
6231
10076
7174
11129
5726
5202
4148
3738
12225
7276
3865
6969
10417
4110
563
11712
10547
173
10196
4732
293
9730
7393
7953
6982
8356
10481
3172
8371
5180
7265
7182
7114
433
3885
9591
1558
2624
9037
6705
6214
3972
10222
11168
6281
11017
8588
7492
10856
7816
1805
4563
2736
3940
11494
4235
1499
4856
7982
5234
7241
7260
1755
919
8174
7179
2841
12187
3849
8969
11698
3011
9711
2972
2891
624
5088
3059
7998
12248
1269
5119
4653
9236
7050
11209
10578
7674
8382
10863
1625
2644
3345
7925
3470
6527
11426
5480
7560
3389
11451
3576
3113
7498
2869
146
10004
4336
137
3030
8258
2142
6107
707
6459
9432
7171
4262
287
8899
1397
8459
5662
6271
8241
413
9803
5655
2451
7725
11858
3289
5711
2982
2903
6086
3445
10250
12272
10849
2030
3440
6415
12101
8519
4383
4287
5026
7802
7551
2706
7404
2803
84
9140
8096
2727
3773
9281
10018
9541
9778
3491
5328
8369
10858
7891
2042
10755
6419
4916
9311
8767
8955
5242
2990
1434
5930
7176
3904
7377
11429
10924
8216
376
11336
6291
4238
5121
2211
1114
7228
9182
4600
8798
11285
1142
608
4918
7558
10365
10390
698
3415
9576
10018
6304
6503
1155
9167
10217
7584
255
2107
922
795
6232
988
2898
11599
1799
7456
7643
2233
5750
2642
4261
5041
4854
7637
4344
2385
5869
6587
7468
11143
818
8143
7152
12170
167
2900
7251
11314
7864
9887
5360
11783
7546
9286
10434
10269
3289
1582
8928
8582
6250
12026
1007
8425
11074
6357
4502
3915
11624
10451
2197
6017
9917
7287
6264
8298
5021
497
1077
8968
1438
6907
4267
7023
5831
4280
7013
2995
6340
2846
9902
5842
12279
6470
5400
1774
8403
11483
7176
6578
2355
2987
3991
4637
5416
4338
4313
9108
7765
12157
10692
2895
8187
536
4938
398
656
3471
12041
1449
1490
3152
1112
2363
8292
7466
7945
297
9757
4264
11269
4500
5377
5406
9605
6482
12235
9892
12162
4062
8927
5736
3014
3748
4976
6625
12127
11588
10068
1086
4915
8586
11845
674
9329
407
8328
81
8435
11352
7117
12121
1780
573
4724
3443
767
11929
11479
10626
8969
1672
4059
10819
806
9890
762
5028
11778
5612
1242
10522
124
7196
9419
8175
10716
610
2407
8866
11185
10707
1355
6861
5863
17
3403
8593
11851
3983
5232
1138
6465
11019
9826
3618
5431
4972
11639
6710
11886
5092
8805
8011
595
1295
9463
6550
7929
6886
10449
1388
3286
1439
3587
2173
11572
9062
2320
7430
6615
1195
4864
9931
10113
12303
4619
3880
8284
9166
11948
1531
6623
11800
8903
6965
11853
1975
5644
5997
6821
5086
3691
1940
8726
10714
8641
10936
7278
6105
1888
9098
453
1250
8331
10032
3188
1237
9964
4829
10711
9612
204
5277
8135
8188
322
11343
2161
6187
9843
9376
2586
2015
2481
3977
8081
8710
11641
6079
2668
6551
6366
3776
885
10574
11745
2934
4426
4130
6717
9324
11651
3054
543
11366
6924
11915
1141
1962
364
8098
11844
9130
4816
6831
5564
10178
1128
10197
5869
7885
7451
2054
10673
273
5566
4819
4622
8000
8950
9163
1238
2355
1270
948
6147
5452
11903
10008
8721
8186
7776
5187
7628
3500
766
1566
3657
6338
930
4457
8236
7323
10673
129
5806
4959
869
395
7892
10015
5927
4140
6074
1211
5904
11302
10534
8158
1714
10588
7844
5176
543
222
5772
9606
3731
11327
5515
11369
3691
3656
4644
6303
6301
1347
587
775
10963
9653
5990
9029
2958
10851
10823
4266
6037
10846
4153
7534
6903
1729
4256
11481
5970
1491
530
3063
11769
3840
3979
8232
7526
3485
2686
454
4590
7369
5943
11856
3177
544
5991
829
4086
6528
6130
9970
6825
1191
620
6055
8456
10237
7605
11851
10084
9055
3420
2608
2508
8595
6396
12016
3482
11152
1064
192
6119
441
8347
10596
10355
10151
11652
1839
891
2741
698
9994
4202
6614
745
1066
10566
5146
2395
9487
200
5942
10802
4015
7948
9610
12051
4470
3477
2890
2482
3490
11343
8061
10553
6582
7213
7314
1054
8935
11753
7873
2177
6371
7267
4524
4893
11017
5984
3062
6969
5450
6234
11920
7771
473
3137
5601
9892
2490
6964
662
1114
5142
11159
4694
2588
11833
10374
4707
7489
5399
2608
11578
593
10503
2795
7424
11483
8307
8345
3059
1254
5570
4748
10269
1134
387
7131
7409
10044
11081
6666
126
869
3245
9474
3080
9558
2408
6484
12086
6774
3720
3678
7311
7729
11897
3891
9127
297
1998
11284
2454
6404
6729
10432
1352
8627
11364
4505
10980
361
8337
1438
10677
9255
4465
2435
6933
11168
3543
8066
8297
235
12203
2581
11460
3444
9871
9400
3103
6345
6301
1163
472
5342
4638
5623
78
5641
2937
11085
10229
9804
7436
2341
411
11974
9184
11869
8604
5763
3990
11182
4175
8523
614
11897
610
9204
5816
1929
6518
11024
10449
5192
11210
3546
9541
4370
361
10529
8305
432
270
2306
3979
1773
412
363
10624
286
2280
1478
10097
7801
6416
2541
7647
9054
3075
3987
8358
10080
7927
2795
6490
11516
8772
7280
1623
10603
9411
7144
7625
8420
8538
3056
1372
713
2851
7418
10196
916
8289
10456
9147
869
1785
10462
6180
10454
6277
3402
9621
9298
11275
1569
7495
1242
5487
968
6816
2568
9161
9135
5367
8970
1660
566
1962
3228
1858
5155
953
3378
8171
9681
521
9531
5948
4193
4484
7717
9230
3737
3714
10714
8518
3578
5542
3401
6922
7128
9710
8891
2696
10844
3840
8085
2560
410
3946
3153
6270
5583
10656
3973
1279
10008
8046
508
6376
8477
5443
6026
8316
2806
4862
2748
11875
1055
6538
6472
531
11012
5532
1043
3674
11559
6777
4638
9925
11711
2789
5770
11096
468
11355
3815
693
9226
21
12109
9032
10968
2402
9623
4706
5309
6520
7675
6193
8128
7994
3936
6960
8032
7027
10052
5306
9949
9021
137
9088
1498
9383
8825
9261
290
10995
4747
11697
12097
2093
4735
1343
5351
4832
4651
3302
3749
3651
3629
9652
1729
4582
129
7675
3754
7384
7754
3781
11159
3929
1179
5687
2649
8509
8343
6137
11442
5887
1803
7436
11670
7739
2787
961
2270
5373
10105
2961
11940
3224
6412
1340
4159
10049
185
11116
12110
9841
5261
7928
11550
4054
12337
8593
8043
2104
7499
8426
8965
4790
11514
8443
1550
7186
8578
4245
6462
5242
11176
8937
5647
1950
5762
8259
10123
8829
138
61
5157
3829
8722
2853
3119
3322
3724
1070
3472
7662
9736
10172
9734
2740
9655
7691
10506
2275
11164
8883
5088
1169
4760
5570
2232
7271
2197
5972
5350
7255
3812
7314
2850
11310
4650
6631
12327
852
10786
6514
7933
6335
12119
2505
8215
7477
3944
5860
837
6806
10216
1135
8680
9866
3573
1259
5095
11447
9414
5510
2857
1448
6350
7364
3935
1717
2882
9389
10890
7155
4231
7315
9648
9139
7959
11548
2114
783
316
5715
9159
5307
2192
10869
4182
1811
8159
4448
2497
7519
294
4662
7483
11609
1354
5118
6794
890
6487
10760
2003
523
1483
9821
1874
11474
994
2057
8610
8477
8914
3460
2467
11900
587
4243
7164
4845
2043
8714
7862
11265
2960
8094
10074
7974
10392
2339
11073
1230
9654
11993
3222
11127
12140
8633
519
4024
8351
10259
469
8713
8543
3409
951
2976
5438
8541
4940
3154
6865
599
9845
11788
11324
6401
5859
5099
5979
5640
3453
9435
5076
653
8706
9975
270
8788
4569
4598
3819
6972
7711
10660
2707
4939
9208
6724
1259
3062
1021
5379
4364
4400
5881
452
5137
9834
11109
1592
11404
9482
8147
10416
10141
4592
468
2484
4501
7964
9223
1041
6541
7578
4400
6368
3770
9935
10333
4402
6162
8634
6871
8234
905
1578
11083
9889
1432
9602
2742
4255
11484
7358
4090
393
1382
11541
4221
11188
3016
11549
8056
8179
5927
8561
10024
5924
3587
11694
2619
9971
3412
1753
1690
4439
7893
1383
8830
9144
1395
8665
10338
6977
5263
5847
5606
711
5320
1699
2029
11953
5106
5584
1325
11153
6968
1235
9853
10347
5225
1146
3891
10860
2434
7957
3500
7124
8098
1967
8974
5729
6
2998
1325
109
2604
8641
3434
9252
6522
9261
7001
6925
10039
2430
12341
9755
7692
12039
6648
385
3442
3561
12034
6679
6948
2857
6326
4610
10708
2590
4711
4502
6080
626
11324
3345
5422
9090
1500
8780
8203
9832
7483
1585
2002
9764
1707
8045
1090
4503
5292
5196
8587
7342
6887
11334
6080
6891
6481
11046
2005
3599
12033
9446
9076
6641
8765
5640
3699
5977
10323
8460
1764
6777
4871
3936
363
5263
11837
10068
7610
2477
9161
4232
3398
1645
4258
4950
7277
9248
4246
8592
10160
10616
2186
8904
1063
8627
8185
5185
9035
4906
11001
4044
7689
7672
4861
2205
6692
757
5472
6378
174
3095
10127
7781
1440
3394
9504
2655
11109
2281
6868
8777
7088
4299
9473
6885
10002
6319
3869
489
372
10435
7345
8251
10984
33
3212
1704
7450
10128
12062
526
10738
6589
6160
2428
11598
4089
4208
9304
2484
3084
10805
3250
6636
4233
1573
7131
11507
6787
852
9586
347
2792
4518
5139
2858
7970
5017
2838
6746
2279
4837
5171
2404
6181
6895
3233
7942
10770
8423
4645
2586
12037
3992
11860
7556
3497
2800
8706
10255
11311
5927
4343
8437
10440
4591
6390
6533
5642
4972
4746
8624
4048
5330
922
7014
10553
10741
11396
6333
7461
10205
11259
2878
11077
1697
7426
11837
2332
11250
10417
2361
11828
3875
1662
2331
1426
9699
3721
8270
11425
7144
11819
11419
3709
12039
6598
2911
11221
6642
1392
7444
4077
6723
11287
7407
7203
5349
257
1076
11588
10546
11584
5822
9085
7979
5229
3464
1824
4050
7348
5480
10676
2232
606
8053
10075
7368
1110
6316
1519
6620
11105
3477
8998
2254
10480
2711
7784
6281
4677
5091
10647
4716
5430
11781
6847
1201
8565
913
3315
8779
8785
6265
9144
525
7045
3025
11291
11255
6484
11157
4355
1037
5368
2607
11845
7323
1107
8485
9720
4513
2662
4447
4576
2005
6207
7375
9119
3165
6280
3675
4740
2054
7493
7414
5593
9666
1605
11685
2471
9909
306
2509
7638
9198
12159
2512
7724
9902
9770
488
7154
3267
1847
5286
7551
312
4387
11828
12102
9119
4223
10537
6457
10111
5920
395
8315
2872
7846
4961
8956
4618
2340
7519
6552
797
4337
9820
3133
11978
3870
9448
7055
10468
10221
3794
5576
8657
10966
7774
8354
2827
4653
6739
2879
7812
9504
5859
7199
5481
8900
6366
2758
554
2561
4085
5362
929
4997
11829
5109
1822
3949
131
1269
1136
775
9390
9131
1176
7972
3617
7194
11108
5142
316
4711
3164
6382
2
11903
4773
4953
10326
5109
5240
1302
2463
10685
8759
5753
2963
4736
6797
4955
2969
8515
8081
11881
11895
4353
10107
3950
303
8749
9746
356
6524
7841
7916
5982
8072
12057
6332
6441
7265
11999
9359
11779
5803
919
6655
1045
3370
4936
10978
7457
8186
10437
2454
2721
4937
10358
5649
7653
11878
6608
3676
1426
710
2907
7290
7598
7168
5708
9271
6103
11672
10212
8260
7897
6027
8097
7336
1865
3834
2405
2686
9776
6360
4838
8048
2108
9755
199
7233
5117
5975
12174
2596
7449
12236
278
10128
2133
1499
11868
3848
343
11403
3679
9663
10093
8567
3759
11186
1845
3727
8864
6769
4275
5539
1664
5460
7
2546
2717
10204
11912
2857
5348
9694
4782
568
114
5766
6786
46
3854
9271
7796
4585
11084
623
2530
6373
10501
3393
9521
2805
3569
931
8988
9281
718
8611
11827
6211
3135
7786
6018
4793
5685
1041
5215
10348
8193
3811
9453
12191
7701
4090
8429
5763
11366
9645
3502
4994
2364
6217
10765
3815
2712
601
8149
4763
10884
4521
381
6268
2688
3431
6427
10263
5995
8715
5813
9528
3160
6007
6768
10646
10601
849
11792
1020
2623
7447
1735
11407
6549
5284
7238
10968
1876
7371
7455
8092
10531
10056
274
8608
7130
11881
4513
3816
9879
2392
7011
4010
5610
2127
2272
11118
7586
11533
2767
2825
2901
7287
8178
10056
3149
10736
6539
2864
3324
11692
4916
5071
2323
8134
11406
5004
408
4073
4088
11029
131
10791
10927
11341
2319
9049
8630
10988
8182
8106
10462
6611
3562
4967
7558
9886
10352
7929
1617
6387
10802
12251
2702
4871
2860
9046
4968
6402
8746
5866
984
7046
10714
1398
9859
4775
9001
888
2951
8040
2810
8734
2051
7227
680
12273
4931
8028
5030
2427
3458
5408
5543
1739
4804
4699
3627
4272
7520
2644
4913
6875
9601
637
9677
3206
10728
9850
4759
9285
4287
1648
268
8477
10868
7041
9698
8353
7665
8967
7286
10963
11870
3686
4742
8468
3467
5632
8222
2023
6950
5495
6639
10096
428
11697
3098
6075
5983
11181
10720
6819
2297
11955
612
440
9377
3160
6806
11717
7512
3397
9560
7387
10637
11484
9154
11973
4691
6831
10197
10668
8085
8244
6727
7714
9014
12262
10660
7534
8996
2252
5816
12091
4594
1430
7741
6066
9700
6517
8063
4930
9217
2897
10448
11744
2370
11061
7110
873
910
2580
4146
2642
5438
4252
5583
9835
10253
3664
7205
9362
4885
5575
2947
825
3307
9108
11245
854
8133
6202
1170
5990
6325
6094
8401
5250
7031
2859
7991
305
8468
2869
1965
4370
503
12023
9523
5392
4326
11676
7172
9618
5352
4799
2163
930
2121
7700
8638
4059
9422
12217
5472
199
7041
5810
4187
6734
1041
11868
10809
7753
64
8123
11795
3720
1759
7553
11900
11648
584
4763
9571
3698
9777
8014
8635
5562
2062
5097
11694
8084
2613
12093
9982
7065
10108
3919
11250
11666
10908
2542
2598
8173
12060
4292
9111
4980
9998
4651
11950
7517
3909
4399
9276
8690
3621
9640
10884
12294
10711
3167
747
9096
3974
3106
10752
1686
3227
9655
5658
4101
11977
6460
9356
3656
2490
10509
973
5778
4693
10059
2379
11549
2744
2066
7826
9655
689
6946
1942
9393
1686
4807
1714
8852
3144
6429
4189
7867
9917
7909
6694
9011
390
10389
6449
4933
3857
12000
10496
11458
11974
10896
1708
8846
494
12257
271
1146
5595
8255
7326
5296
1627
1043
10183
5266
9189
2385
2815
2335
7929
230
10288
11518
5968
7712
5706
12042
2285
9426
10200
1404
470
3712
3502
10287
11908
9059
11935
8511
11253
2349
5315
10861
4338
3213
9337
9916
561
8131
6290
9719
4053
7661
886
2934
3193
2129
10811
907
6703
719
3790
10054
3723
7876
3173
1587
6216
12115
11778
909
8986
2779
7142
9431
3259
9685
1768
8761
9185
11202
4056
8633
5159
5946
7675
4131
4016
7199
7581
6317
3835
10595
9922
8897
11915
10926
916
2113
4271
8576
11127
6672
5804
11387
2332
295
2068
10276
9530
982
11474
308
5168
5967
3493
2769
11030
862
9239
5185
7721
7643
5839
3862
10253
5102
4099
852
8153
11391
10664
785
3344
8927
4915
6324
8902
4928
8162
6306
3471
3932
7406
11443
6634
6906
693
3995
6569
22
11243
6167
10015
6895
10581
6894
5485
5665
5474
1263
1896
9308
1769
9538
7072
528
9270
3060
2858
2008
7088
9466
11703
6060
7774
5999
6620
7498
8676
3456
535
11576
9778
4380
12165
7235
8344
3938
1825
6683
4048
7954
9931
6966
1658
6239
3665
7257
2824
12173
9649
6862
6277
931
8516
11880
2458
8621
4078
2885
11665
5251
8636
11422
5716
1992
4620
8857
637
2404
687
143
7323
3457
7439
10817
3738
3815
6396
5422
11241
3512
8992
5629
1174
8254
10640
8094
3699
8288
1994
9601
10872
1183
3877
6619
3999
6314
6223
6925
5838
9136
8735
7972
7390
10597
162
8554
2123
8793
7299
1396
7696
2376
4827
9500
4666
12034
6159
12235
6188
5906
6251
4420
8123
11057
10331
1131
903
11217
7093
6526
6730
4627
755
10505
8814
2150
11765
3735
4524
2696
3927
3405
1854
4067
2082
3539
7736
2075
7530
7911
5612
6101
4436
9904
4409
7904
7278
7870
5529
8039
6214
3328
4815
7732
8319
1655
10793
1519
7671
11472
381
6459
9195
3259
3171
4599
11759
6413
9763
5464
11667
3813
2761
5222
3793
908
11448
10131
3288
2147
8228
5046
2825
8438
4162
6397
4655
2027
10096
4952
3855
6912
9625
1677
1139
4821
9381
4260
6190
9519
2253
10547
5859
8986
4376
467
769
10337
1284
7087
4595
1155
4771
8324
8085
8268
3626
12054
349
2242
9455
4853
4178
6937
6267
8609
4925
4199
1590
6719
11586
7655
5661
7459
5919
9092
2527
10378
9357
6485
10330
11006
4947
1607
11179
5209
10206
5642
1501
1551
826
6006
1218
5322
8403
6577
8685
3002
2987
6827
2258
4008
7934
12044
10959
11987
2995
7080
7481
11699
11188
3137
11809
3386
5866
9553
7334
5094
6758
11419
11706
7785
5023
8694
11838
5475
9579
11607
2045
7331
2110
5780
3669
8915
2875
9249
8500
11296
10690
9134
11863
5062
5637
3668
1873
3140
2326
5932
691
2349
12299
9428
346
2281
10457
162
4165
2517
8869
11591
5563
379
903
3666
8664
5193
9543
10030
7353
9418
6008
939
11483
12195
8520
4741
4738
3106
8366
9275
10298
8282
8351
4208
3112
201
1266
3286
7412
7003
11260
750
2935
3367
716
723
750
7576
3698
11263
3310
4791
4468
8206
1522
10454
188
3647
10743
811
2238
10280
221
9757
9044
11698
11396
3845
7218
1620
2991
2405
8021
6321
4916
6285
5419
2837
7450
5420
9521
6898
2608
12194
3672
11719
827
6246
3854
3519
6597
6566
401
3871
5548
1820
10215
8945
12088
10931
9541
11405
10500
457
6749
4264
100
3399
2557
4928
950
3110
4552
4747
9155
3010
8836
4842
11366
5226
2565
3855
2757
8633
4846
3215
781
11890
585
9106
12278
6678
11510
1108
2964
7972
2637
10305
3991
7230
9238
5926
3097
845
9705
2382
6080
11526
7872
5347
12141
10632
4757
4423
8369
6011
8360
592
653
4281
5908
11893
1094
11496
699
6417
10915
7989
7179
4060
7929
11230
5519
12141
11486
6615
6226
569
11558
2262
5876
7976
6034
941
3827
9645
3688
4628
2919
8640
5951
657
9336
5223
7897
7028
5773
1802
8490
6887
1912
5190
5480
2166
8404
7326
10648
6892
4551
3350
9023
3892
9185
12289
8029
4080
563
12165
10339
6739
8990
12109
11095
7767
9860
3153
4505
4899
5076
2082
1047
569
4624
3803
11092
10792
12160
9556
1171
12240
1832
2413
7376
2390
4277
419
8772
332
4638
11788
11608
9947
8844
2467
2358
8772
9519
11227
9226
8657
2809
4486
6256
284
3409
2333
1388
5198
7515
11204
2803
6258
8120
4516
2071
7671
7195
11630
3986
1178
11424
6565
7604
5421
5902
6262
5502
6275
5376
9747
7395
10479
1408
2040
4981
2199
2178
5120
7072
4779
9323
1114
10944
8616
10253
3000
3361
8902
4872
3130
8064
3047
11541
6908
3351
11461
6767
5512
3442
5826
3707
9449
4970
11549
5027
4953
7157
3921
1728
1670
2988
5514
11446
9947
1190
2250
4401
7530
742
11245
1515
11884
188
9755
7451
1029
2647
6471
2324
5636
11251
7071
1580
10801
7246
10941
8818
716
11588
5671
3715
5206
1692
9101
6180
9856
4019
11347
10039
5229
4412
9955
6270
9246
3471
59
7741
4086
11409
5208
5192
11273
2843
10126
5816
11374
840
3676
10133
8267
5988
1988
8052
5519
7583
2370
10622
5197
3190
2926
917
2591
8440
3561
2510
1554
7376
10798
5561
10316
4431
7611
4781
4344
4869
7744
7347
6079
8929
184
8356
5972
11570
4641
8858
10963
3517
3169
258
10050
11521
7968
2642
10456
7378
8274
6182
9391
9776
4664
7029
326
5703
6977
577
11996
1051
1871
11297
1257
1967
4188
8659
6229
11927
4548
2193
6902
8535
808
11025
10436
7416
916
5320
4984
7197
7059
1368
4006
11262
3838
2550
2674
2696
6164
6608
10642
7230
6338
4110
3651
1243
9846
2028
10565
8689
3391
7499
4330
1931
6355
4725
4858
2911
7535
9286
7364
12072
8554
1949
8041
2126
9295
4300
1439
11930
1415
139
2448
6593
11883
6753
4532
7564
3528
9928
5576
7671
3618
3105
7764
3816
7687
9052
2019
6327
8873
3004
10413
8329
1893
4953
1415
348
6791
11459
2151
11676
7386
8729
8673
9401
8198
7103
6429
12036
6712
10670
9699
6199
9931
7041
4903
10020
1998
2967
9769
5343
11856
5990
2040
7827
1586
3319
3873
2187
8248
3198
2264
10776
7097
2545
4065
2892
11685
5925
8329
10096
5375
964
342
5848
7159
1000
8873
937
10632
4416
9419
10466
1365
3352
11269
4563
3134
767
9572
5299
3828
2579
4254
12115
10824
1933
5498
4525
2792
12236
8105
2746
1264
4427
8614
10823
7831
9821
11128
4029
11932
5671
1716
6367
7777
8440
1736
1271
140
8
1377
6179
2291
4904
2448
1788
5350
9968
8915
6070
6644
5511
1126
9871
8558
10727
5502
3058
11923
7578
8112
9083
343
6939
6803
5626
9428
9759
6098
6759
5610
2229
6923
5238
46
3463
466
8578
7543
4066
6772
1674
354
9545
11622
9034
2405
10152
4352
1393
9125
1727
3474
1347
909
7327
375
10324
2063
8942
3840
1303
2126
10270
8300
4888
1797
3857
9777
9273
9740
10017
11444
2704
10875
4398
2091
6972
4031
6060
2372
7520
11849
4908
1144
5074
168
5517
10527
5851
9007
5403
8279
449
628
9904
4623
5746
4093
630
3421
4084
2281
10031
9976
6762
4287
2204
4837
8707
617
3942
4101
5664
9027
11965
4315
1556
2089
4006
12173
4009
8585
808
5575
8582
545
3837
8638
2537
4740
2814
5672
8791
8828
8751
3058
3214
3352
10100
3904
7915
4921
6896
8041
3526
2502
3936
8796
7506
7100
10020
157
6875
5098
2435
1017
9527
8811
8299
11030
11294
7189
1300
7421
447
6262
12221
8861
950
5671
6393
9127
5042
1867
6756
11377
5983
10084
645
5100
4616
10362
7168
2069
2308
11056
9318
554
7748
10305
9938
5050
10519
4240
9468
11147
2362
9726
3656
12139
11559
3154
1024
3690
9648
1373
5296
7189
2541
6916
602
2422
4088
7073
9152
4858
9324
3986
7133
3670
4304
9169
11927
1057
6065
8231
11094
372
11193
10863
1482
1294
45
632
7339
3397
10911
2488
737
6434
1821
5650
3716
3485
5711
10665
4479
11984
3451
847
3750
2750
5054
5347
2653
8264
3297
2691
10407
1678
5447
782
9754
7117
9648
8131
2563
5634
10973
8040
4668
6899
6067
10718
2072
595
5505
10305
1936
8009
10438
1239
6125
9640
3820
3519
2303
55
5224
12052
1082
3126
8102
10224
7480
10116
4140
11123
3460
11651
9904
6665
4899
4584
3796
11966
6971
6146
11844
11853
6236
4709
10851
6203
3661
1264
9820
2425
3828
1346
9316
8210
6349
2615
9118
11897
9477
6137
11523
10355
4055
7632
7643
1826
8799
4607
8607
7562
6308
5226
11725
2941
202
10132
4517
1403
7195
1392
4175
9902
9459
11368
9455
9910
4518
11416
3439
7193
5320
164
11706
8293
7034
6731
3761
11738
7867
817
1513
3846
5459
2263
7241
5367
1080
11446
2638
8535
2020
3881
2417
8992
3532
4768
78
9797
2863
11292
9172
1897
1195
9581
3154
4094
2939
5498
11029
7655
3761
10300
11839
1080
10846
4260
11377
181
6269
5997
911
10064
8409
1376
11525
4454
799
5868
8439
7539
5404
6099
1250
484
4052
11816
7859
5410
7026
8639
5773
2580
8454
2532
2892
548
3218
5302
2562
7031
10357
4822
4460
3233
10999
6452
10062
7321
3525
1367
7665
9921
9808
11121
3413
508
3910
5870
7716
2855
6544
2030
4940
1104
3916
9704
7301
5353
9476
7794
2540
4830
10333
6106
10537
9951
6641
5390
2353
2473
7242
2414
4704
534
2258
1777
771
7726
10248
2358
1891
4678
5202
11724
3729
6557
8546
12093
85
9391
2690
215
5064
2134
5206
8487
1708
7470
5387
9837
8320
8048
9852
6854
6233
6920
3298
9232
830
9313
11445
7853
7945
11906
3424
10314
12080
7766
10714
6758
4502
1888
12118
3324
12054
283
10290
11518
9732
12109
8146
3717
4599
12083
2001
9589
9174
3989
6889
12076
11031
7313
10171
11807
10780
8156
4899
4181
3937
12246
11883
2932
4385
8452
6032
7985
4159
9641
2714
8068
11075
8668
1002
42
10831
8366
3828
11539
9261
7661
9967
2764
10950
7033
4379
4467
6996
3523
10447
5829
2737
7809
8076
3563
2845
6925
5711
2618
6443
4107
7535
7258
2084
9237
4815
8825
4133
11102
6104
2643
8397
11123
7473
4266
9640
761
5832
9032
11897
6712
8509
1582
4931
4126
3353
11625
4558
8528
9638
893
2055
10521
108
6977
6365
1065
11347
6956
9429
1285
3945
5528
2008
11866
5277
11749
11910
5874
8094
1542
4938
5381
4825
7889
6545
8717
2507
1402
11805
4963
6710
10557
8749
5860
12165
5773
9249
10450
1847
10365
5273
1044
2632
12123
1879
8983
5946
1574
2015
5178
10744
6960
1826
4188
8180
3061
6392
3156
1230
4134
2648
3562
350
8514
3736
4711
10081
7012
3989
3832
1330
12005
221
11627
10920
3135
2971
978
5719
7126
8775
12178
7542
9254
2303
9314
995
8988
10068
3992
1716
6971
97
2133
4525
11865
7866
7424
4364
7718
10567
1172
1592
4119
4081
4607
3954
9306
909
3216
1361
9048
9269
2589
10672
8010
377
8285
9577
11263
5265
4636
7707
505
8793
9498
943
3538
6145
2409
6435
3685
5873
6816
9506
11300
6388
8794
3125
10427
10960
4497
11739
9766
9203
10287
530
10443
2853
11913
12098
8106
11258
1274
4107
3605
3508
4695
9952
433
12060
11796
11744
10646
2854
11201
4948
10306
10256
3470
10584
5927
97
7836
658
5661
9095
11921
7520
4810
5894
6931
7967
2113
10125
10856
644
4418
6686
10289
9370
9687
8103
11389
4026
8617
3299
5070
7110
2125
6063
8909
6325
4667
5727
4351
3109
1385
789
10857
9319
7864
9548
11288
10656
532
2207
6968
9339
11987
1582
2752
9368
10672
6103
8937
3901
10907
4015
8125
2787
8525
2994
5094
2770
9268
11988
9511
7123
11073
11305
8196
2501
597
508
3446
1909
2076
7508
4402
12315
8851
12041
1173
2797
4301
4246
2357
8819
9419
10296
8595
9537
7803
6437
1169
10963
2897
7738
5306
202
9973
10526
2785
6388
9609
7035
3040
6248
6761
6503
6919
9395
1241
8692
12060
8058
280
6375
9868
8726
7920
12149
3661
3977
1032
10525
1139
5695
11682
8467
5473
4540
11248
3478
8781
1742
2010
9645
7528
10781
6961
2550
7087
11638
7631
12131
7161
1542
8814
5361
11787
7009
12016
8034
6868
7860
188
10607
12047
8941
8415
9830
2992
5569
3609
845
9107
1685
10219
5750
6134
4268
7490
11360
10836
1072
6261
10522
10287
11035
3118
7240
9078
5714
10827
7568
4383
529
10304
5836
7638
5745
3331
3853
9251
5785
4947
9397
3693
7733
1552
12258
6760
6476
1867
8762
2288
12024
2680
9628
7623
279
12293
3562
931
5902
8459
6974
8038
2174
874
9336
11038
5590
6871
7189
177
11416
11344
11411
3139
6332
11551
10139
7902
11113
5475
12214
10203
2988
6872
4513
1247
3052
10735
9873
4686
9313
3807
9081
11367
12033
5279
11799
9488
10962
9510
720
581
8222
8513
5241
2538
7140
1971
11429
8225
4100
11373
6332
7805
4574
1298
7451
2566
6393
10607
6210
6788
9449
8147
11533
11381
2075
1754
2036
10296
1966
10267
11013
10239
6979
12250
9509
6164
7868
2305
6132
7016
10384
8670
8170
5601
4758
190
12003
8809
5079
3724
10425
5811
4026
863
3878
3888
9704
11955
5168
5387
5929
9037
503
795
9331
7672
7818
948
7216
7344
1908
11938
6567
789
7896
12135
8962
3816
1641
3366
3458
2108
5510
11193
4990
1225
587
4700
11868
9268
11638
3354
8416
1740
8831
957
3453
2853
5917
8675
6092
4825
1506
290
9187
3393
2315
8898
4273
1653
8812
575
9351
10145
5409
4603
8172
3550
8216
1687
5436
7006
1434
6455
7462
3851
291
8796
722
1293
1178
4079
859
11319
4933
11012
7983
1656
9250
5535
2213
8468
1660
5383
5
868
8355
1296
10925
6906
1304
2926
5462
408
5911
10276
10448
12183
7958
1502
5910
10533
2806
4066
8587
4005
8602
5374
6744
4292
10755
7947
1504
11030
7039
9659
3564
8674
6138
3884
9884
7283
1729
10043
2125
7769
607
2345
2398
4234
10674
9970
10388
6970
1735
3803
1090
5303
3832
6198
4724
11417
6990
10638
10699
283
12161
4627
4108
9601
824
6720
10012
3907
675
4064
5572
11585
11650
5615
1545
11234
3058
7260
8438
2060
2916
7388
6420
5189
541
8936
11586
10409
5614
1050
329
2694
11915
1742
3103
1644
3001
6283
1771
4712
11557
7423
9897
1992
11937
10488
11556
4061
8597
9332
8371
7962
11153
10138
10870
2497
4425
1633
9237
6566
3358
6831
6980
10101
11838
2651
5665
9102
7470
7148
7794
8911
8255
11035
4139
6982
4061
2535
345
6654
5669
2343
1857
852
11256
10561
4774
1013
2780
9632
8583
10520
6077
6280
6748
808
87
7259
9094
2339
5497
6085
5257
5281
7689
5036
4357
2369
10117
7099
6909
4297
2664
11330
12327
9051
2993
8161
611
772
6428
2622
4147
7559
9952
2665
12213
9803
8024
6453
8296
829
8030
8441
1000
7895
6312
867
9599
8868
7362
9527
8143
7806
7691
10962
4642
3099
6
8714
3745
201
7874
1733
2071
2173
10970
4773
11131
6969
1512
2391
4842
2028
4921
4643
10552
12324
10888
8895
6477
5056
2133
9044
1817
11699
11921
2031
7467
925
289
546
8688
2638
4055
3457
3858
6453
1606
4847
4101
3257
1263
10271
6862
10621
1467
3678
10045
11489
10974
1362
5916
10913
9754
11358
11799
3509
5811
904
3820
3505
3868
9189
8705
8677
6895
998
12322
8126
10286
7362
9185
5403
8078
11805
1880
1882
1154
4153
5755
11030
10791
887
1535
3095
6225
8910
4340
8519
6468
7406
6810
8455
8049
8753
3770
7222
1355
8304
7414
12229
8102
8998
8539
3216
4465
6241
1923
2721
10339
10997
2462
583
8800
11804
757
1475
7404
10955
1371
7171
446
10905
5821
12102
6484
920
6337
10230
10880
5194
328
7386
114
2276
7308
3292
5220
7089
1307
5942
456
11622
11509
1482
7009
6498
5412
7899
3227
12255
9265
7822
5278
9377
10094
6594
354
9559
5265
786
2747
2258
2444
7871
5078
4100
2806
6730
12232
1295
1386
5359
1460
8698
1402
10788
3649
1143
5487
11806
1070
5259
5648
11202
9744
2471
10339
1503
9860
8398
10791
10590
3085
9207
967
2266
1748
11363
8451
10385
8063
7564
6871
8753
459
715
2730
10413
6742
1253
3812
2538
697
8475
6240
3262
11704
5689
9888
1619
11411
11566
11797
8850
4906
4508
9545
12111
9818
7863
2453
7847
12085
11408
2001
11193
2956
7853
794
11557
4214
9464
10171
11132
4632
7516
3098
209
11218
5046
7046
5036
4919
569
10272
7678
8567
1017
12335
7083
4133
8346
9200
5813
11044
8167
6579
1926
7898
6888
10084
2716
2564
4032
1452
11014
6667
9289
3741
1645
11301
10439
10639
3993
3614
2487
12124
11736
4059
772
10567
10924
4777
2214
9118
11299
1923
2836
10599
8882
8173
4852
4872
10927
7929
2105
5363
11484
12275
5687
8702
5413
3204
2936
72
3855
12170
11283
5262
3406
1813
6253
7735
8179
78
3800
6258
6379
1629
1436
9233
9905
1183
9722
9788
8040
1635
9786
2733
10103
124
6020
1753
10627
4504
1949
2513
3266
7083
65
7961
421
11662
7223
241
10987
1434
9767
4095
3064
12015
7885
9510
1882
10382
214
3480
3948
11603
7252
5245
2081
5431
1838
1664
1982
1311
7990
6311
8654
4463
9567
79
12202
2261
2169
10742
6753
3668
11889
1106
3930
6768
8907
8590
1842
10752
5986
6951
367
5755
1197
1135
6214
8274
6152
11666
5491
12034
10607
9543
730
4138
12262
4629
5116
6868
10851
3152
10149
10931
3033
1811
536
9421
2839
3741
1742
10555
10940
6495
1770
11746
2344
5763
5687
11475
347
7145
8752
8370
6669
10585
9409
1454
3320
8819
328
8201
7165
7528
8684
5512
10313
4562
1032
5924
9103
12312
6536
12337
3973
5233
4673
1952
9598
7335
1023
1021
1714
7995
10843
4407
3769
3675
4592
11872
10032
10766
1732
9863
3942
12329
3092
4747
4686
7952
2465
5500
10480
2803
1927
1100
10483
5884
348
1954
3184
6177
2574
9640
7984
1556
7984
2950
6448
2916
3293
9121
6414
11120
7097
10640
11519
8002
6525
6912
10212
6337
8473
10835
10035
8056
1200
12071
8559
1500
5611
8339
1603
9503
8542
6858
10254
9102
3732
1338
3054
9541
2496
11591
207
12223
9434
8055
9270
7467
5250
10718
4013
7135
6509
7440
783
8442
10084
11916
7933
5032
4767
5518
5165
161
3640
3988
2525
5053
3974
6825
6329
11485
10903
8221
8520
12248
8536
6032
774
11584
1952
7042
5360
2695
8799
10136
7322
2836
2959
11896
1957
3616
6378
5245
2992
6175
474
3270
1765
8637
9626
2838
10692
8085
10830
11108
5853
3705
11378
5960
8225
547
8196
880
12217
8351
7307
10585
7021
4054
1591
9643
4752
7414
5540
3151
11905
7775
3821
5316
8499
9240
8952
7351
4284
3215
653
9332
2011
3615
6322
11382
1987
6059
11210
8361
277
7460
4441
7663
2217
9051
8580
4527
1257
2001
3882
7006
8785
7653
11284
8836
2975
8472
10286
3442
8128
2378
8285
9638
1776
11148
6954
5878
4289
9090
1628
4255
8997
9877
449
6939
524
8205
2443
3509
4296
3788
4516
7387
5574
6075
7411
3101
2135
10216
10515
4311
389
4728
8525
2685
9094
8935
965
1326
3938
7989
11555
1859
4380
4363
10700
9216
1174
11703
1138
1138
6557
10176
11814
9857
9616
9431
10728
9082
10004
1105
780
5655
720
6413
11782
9466
10742
811
8871
9295
5641
10610
10758
8964
10759
98
6136
246
5547
4599
1695
8240
10688
12177
5449
10246
2150
6394
1412
7889
7390
2423
8841
5125
11846
7339
1976
8450
8712
5779
1917
11576
1799
8102
4011
8263
3134
11845
358
9216
11110
11389
5958
9572
10714
7566
6712
6752
8836
7179
8020
1471
1816
10178
10044
10729
3437
7742
5269
3600
359
11511
3880
5834
6634
693
2431
11703
3947
6907
1006
4427
9131
6015
1386
6178
5378
1747
10121
7006
4296
1717
7127
9649
5659
3755
10052
8723
3981
6023
1619
3803
1607
1518
5515
9514
1825
10124
4439
3145
12000
9124
9346
4079
357
8285
2247
8572
1957
11975
2000
1745
6753
11620
12026
5405
12120
9576
2518
9006
9221
9729
4552
7720
8404
9926
826
6930
11851
1933
1348
10687
2496
1344
1938
4180
3145
4204
11321
1023
9671
4936
10493
10009
3170
5338
11714
11890
11520
11130
113
1657
4932
5090
11271
2323
4054
5851
329
11231
9743
2106
9117
2403
9305
12106
2875
5151
6611
6856
11996
7302
5221
2801
4813
4875
3800
6548
6872
10381
5099
2905
1535
12146
3786
11286
9878
6377
10601
8552
11647
11340
3648
8973
596
4156
6754
4316
5466
7204
4353
5065
1484
565
1150
3394
8277
12294
6612
8991
196
7462
5892
8497
4689
5624
4700
6183
2249
988
9403
12052
5588
9427
2138
349
8910
10822
3779
9865
698
7461
9541
7428
10374
2481
9795
756
2026
4408
11400
2322
10004
5922
4279
2389
8061
11189
10324
1676
6770
10534
4500
6180
11078
10053
5519
11035
2216
772
1478
991
8607
9906
5279
4132
12337
9950
2129
1144
11498
8991
8331
1581
8190
7911
6684
1237
2892
7444
6537
6033
8667
5774
4913
11640
530
5622
9526
9288
2993
1205
3218
2273
10059
3557
461
6141
2843
9138
2732
1836
11091
9865
3821
8164
9176
11396
1223
4826
8565
7546
439
6390
4126
6033
11112
1988
9172
8420
10333
10127
904
9844
11593
2893
4905
11005
7868
4991
1226
134
10012
1363
12279
11916
5682
12141
1702
5012
9880
725
3904
10652
1306
4729
8211
4590
8960
5075
7789
4539
12090
9136
1916
312
6361
5798
10404
741
11005
6792
9057
6302
2831
6767
6266
1156
1869
6136
6228
11941
11565
6626
102
3335
2170
12292
5260
9213
5900
9194
12244
1626
5079
1781
6786
10281
12184
3409
10361
9170
6968
5865
137
8183
1265
10561
846
8003
10299
352
5518
11566
3561
10929
12038
1265
11622
7880
673
1146
12206
2146
5648
4180
11648
6261
5532
4343
7008
6301
5023
5449
1702
862
2258
9894
9572
8423
4555
3886
4469
5778
1873
11732
6470
5354
5776
11751
6507
9082
1381
10615
9097
11835
10559
8256
3303
6849
3192
1300
7699
11119
11337
9381
3713
3763
7063
8554
4806
10610
9106
12174
8906
9368
11757
11827
5484
2561
5836
10482
2564
2618
10596
4306
7222
52
10179
7652
3385
547
11512
4734
5826
9458
1004
4699
6853
4946
8701
1310
7303
1341
2702
9385
12215
4160
4717
5013
11153
10350
2989
9473
5756
5620
6289
1496
8421
10351
8599
6805
5514
7272
2048
6134
2086
3714
7590
6636
113
1337
6380
11463
11977
7207
9142
5836
9400
5023
5431
6724
1788
6028
9479
4105
1468
1549
9391
4990
11315
4756
1085
8486
12035
10182
9686
4330
533
1483
7425
4957
9177
2841
2758
1562
5345
7761
9675
7874
9923
7896
4593
5913
191
2828
4698
10342
9580
7727
1376
5879
4434
11333
5494
1522
6032
8017
2890
7912
1993
5611
4798
12245
10847
9442
9941
3480
2484
7339
4919
6517
6073
11897
4036
3244
7674
6404
12090
6065
4226
7651
9842
1315
8151
3614
11428
6884
6642
6405
7319
7733
5983
7143
10199
2475
11857
6091
7597
8131
7079
11482
79
9190
1280
1127
10688
3410
9984
287
1944
6319
4875
8577
9277
12032
79
9792
11021
715
10706
4772
9984
3648
838
10276
6972
4914
9717
12206
4621
7963
9754
922
2922
1944
2940
660
3937
11514
1701
4449
181
10947
3902
1264
1812
10609
32
7006
3187
9304
9227
4426
10208
10509
1867
11856
5720
1884
1193
6478
3870
8623
11083
4178
774
636
10640
2985
5632
4389
5301
8681
484
3238
4089
5124
260
3625
7420
8013
8937
935
4452
10097
4924
6601
12139
6188
7049
2348
11097
11379
10863
2208
6324
1234
3517
8922
8062
6350
719
5089
6399
11928
5509
484
6556
2501
4951
3719
9650
4206
4100
2573
5135
12111
12162
10160
1279
12120
8333
3979
11401
4296
7971
11630
153
6575
2844
11639
12018
9296
3215
2534
10984
2344
7596
3205
3512
2079
1322
3892
10899
8583
2418
9904
11108
7875
11547
6263
4767
11854
8758
7240
11968
8508
6773
635
11326
970
7382
5479
11911
11984
1365
8861
2282
11942
8964
9320
5718
3759
2822
5022
4161
9429
3494
4782
9562
8207
8382
6430
12006
6924
2315
7210
11263
5812
3491
243
6090
5926
75
5809
6195
8257
10065
1460
11463
10370
5748
4561
2491
5573
990
12106
15
10142
4013
4424
10007
8217
8736
2996
5928
8110
3622
6382
546
10318
9767
1739
5329
7566
8456
4368
2307
6017
5987
5544
7223
5558
8705
4467
6486
12194
3536
3296
806
6944
4638
3951
4527
7234
4870
6829
4744
3551
12315
9057
7215
566
8370
7879
7554
293
7611
8904
6681
4136
10873
3533
9972
5362
5887
8072
3167
3693
1456
6635
11406
5509
8257
4267
586
675
2919
641
1649
2247
3237
8171
10662
477
11774
4789
1694
1185
4434
10799
11758
3674
3588
6490
7233
1237
8882
4183
901
11686
6152
4272
1045
4700
1893
3825
10154
11092
3044
7360
8946
1066
4370
9441
325
284
5454
8484
5606
4997
9265
4962
1296
9842
2903
10242
3378
572
3654
8620
3416
7935
11375
101
6141
3024
4387
10158
279
1565
669
11703
120
1758
8693
8419
36
1941
397
7742
6373
11492
10339
11109
10530
10061
897
5964
6719
7331
2935
5901
12316
896
4351
10814
2530
6064
7129
10667
7024
1122
10396
9137
5036
7213
10828
1007
3529
2590
1370
12288
48
2890
5619
11158
4279
10149
4326
2747
2777
1967
744
12154
4517
4636
9658
648
2295
1576
6610
2005
3118
8073
3067
1829
5341
3153
1057
2609
1494
6922
6808
6845
1608
11987
8884
3327
8121
6054
7721
4506
719
5099
4110
11106
4637
5508
6627
11827
12063
12139
6597
3751
6906
12269
1656
3181
9838
7978
7571
8323
6887
9307
11227
6980
11514
4949
9130
5523
7450
8400
9551
2729
7076
11359
12093
4955
11682
1186
1920
3795
3203
7865
3500
1576
731
1639
1055
11196
4810
7152
2307
8326
8482
10138
8218
11648
8906
2226
8310
5772
480
2579
11982
7148
2061
649
8145
3550
11175
10288
4513
1741
12258
1429
7284
6637
3867
8933
8622
10152
3901
7248
10177
5333
5570
7950
8311
11667
9327
5307
10231
564
8525
834
2662
8322
3320
4405
1710
11357
12268
9390
7383
7835
8515
6330
1859
7762
740
2076
8421
7813
3310
5920
8168
1520
1935
4912
2044
11988
255
1806
9862
11963
4985
3056
9345
6008
6003
12230
7709
10256
2777
9943
7047
4518
4296
1470
5226
9524
6040
4099
11670
11690
3341
4296
8110
5528
9739
3274
2446
1286
9591
6390
5053
3600
4767
9017
9924
6823
9926
3741
9253
3216
9275
7200
11803
10443
5419
5865
11568
11456
305
953
3363
985
5841
9359
1248
9275
3859
8837
8388
10101
8895
7898
5827
9976
8911
1051
10881
10443
6634
9827
2193
6913
2067
4149
721
1625
10032
8356
4902
5768
10868
7668
132
10072
7090
1512
3230
6015
3225
3526
6793
11535
10979
8717
496
8036
6675
6371
187
4966
10524
11666
4200
8942
6464
3731
2164
3810
8797
1809
2125
134
12110
11977
6088
4473
438
9236
6425
6762
9861
8910
7163
8230
5076
12341
9975
10182
3170
11695
3380
191
2969
11287
1396
7981
9227
959
10572
1697
8062
10577
4994
8234
733
2211
7537
9838
2261
10650
5147
10859
7200
4543
688
5971
967
7619
8641
5357
2532
4749
10564
9018
7613
7626
7321
11515
9913
2576
1610
6697
2174
6252
2675
5008
2464
2457
450
12236
10759
6381
2952
5599
10451
10646
3880
10257
5253
9790
1465
947
3598
3193
10806
838
10589
2327
6551
8222
372
6731
8819
436
8653
5715
9847
9469
3035
3645
7085
8827
2914
79
2568
10607
576
1596
5619
7218
4995
5797
10716
5160
11059
7237
1519
1254
11222
3449
11338
555
5550
345
6966
2594
9804
1748
10412
2429
11281
9822
105
3723
6419
4602
6116
8110
11569
8799
7887
11579
4807
4739
3419
2647
5526
7068
6822
822
11109
375
5735
11981
9063
428
5742
5310
9405
1184
10477
9505
4161
4707
6343
2556
6938
2397
6785
1554
3271
9614
9787
5859
11045
8456
8814
2527
656
3553
2825
2055
10224
11030
2390
11240
8161
7286
3044
10405
8172
10243
6467
2839
11697
598
6619
7279
9374
11951
6311
4170
10932
10544
1664
11852
2751
7882
554
6614
310
10712
12033
10137
8446
516
5867
4161
9163
5547
12120
3731
1208
4647
10301
8648
1974
3359
3540
7535
2884
3691
3087
374
11222
8212
5463
3639
1014
3586
6282
5988
5712
1683
7278
3900
5620
3227
2216
1604
6990
860
7203
2328
3182
8854
7694
2793
608
4378
5630
8260
5838
10850
5042
1463
1792
11300
9893
8588
597
11546
3478
6039
3073
4658
4583
3962
10218
717
11697
128
9930
10287
11071
4163
5562
7650
1388
2319
4617
6397
6613
2679
11676
9707
1498
9249
9650
532
10719
10021
7017
7720
8813
6133
873
3001
6785
1879
2467
10098
11131
6986
132
9674
1999
1156
4624
5694
3379
4258
1661
11073
618
1676
4874
7490
11652
5568
9767
9635
1928
2995
6784
11987
8464
1059
8411
9684
296
7294
2695
5076
2981
2065
11705
6850
2835
9408
10880
2664
606
9293
7342
547
9088
9591
1929
1580
5974
7735
2081
9577
6440
4072
11720
11448
3245
11511
597
4801
8630
6166
1032
966
2421
6908
949
4084
5332
11751
6190
9795
2616
5938
9245
1022
7468
9835
1283
6721
499
7734
4741
6199
6169
4000
6437
4746
1603
218
7715
4364
11749
11959
7860
7251
8159
4257
6666
2783
11373
9573
11733
4993
6280
9912
11247
4212
1878
10872
4827
9602
1145
8384
10362
2506
12194
3500
9059
1048
6801
9309
11913
4523
1565
12051
8992
6933
8697
10209
3161
8896
5026
11651
7736
4097
6813
1961
8924
8173
3422
9942
4739
4138
7683
1107
4522
5037
4608
10982
10765
8884
2722
5957
11361
6997
9041
7793
10219
1649
9042
3922
987
6490
1634
9152
10956
3334
11241
9779
10865
9116
141
947
9168
5980
341
10672
8995
5657
2971
12272
4577
1857
567
9178
8927
1038
7526
5170
12310
1016
3600
6415
9676
2239
12216
1923
58
3031
8923
2648
8744
3292
6810
5878
4265
2761
910
1122
4190
7765
2578
7028
9375
10682
912
1808
2036
10741
7070
3172
9448
11473
6223
4573
10840
8775
4843
748
8610
5133
6589
3901
8825
2609
3756
7903
6588
7363
53
2480
810
2906
2153
7990
7170
2725
8186
8676
4627
3295
275
3674
1715
7074
2087
9076
2779
4816
3173
8187
10249
2057
1401
924
9044
4601
8553
6775
8475
3541
1810
6903
3062
10469
4953
1815
2902
8834
2857
10364
8582
11067
9543
10539
999
8392
6104
570
9246
1324
3144
2224
2156
10245
3355
1759
1175
3652
10256
3758
11644
9742
2032
4515
5776
12075
9356
11717
6326
9808
9752
7299
11454
8499
10903
3326
9714
3388
2614
6237
2416
11060
5308
428
4485
147
8056
3504
4311
3120
1277
1275
8118
4933
7112
2072
1214
8293
3903
10931
3466
11605
9818
2332
5181
4544
11082
7825
11983
10930
7476
754
6555
12039
4275
983
1699
5330
9651
2558
6314
9467
8272
11468
10199
12145
8854
11991
4957
47
1542
11700
4974
3638
6222
4545
413
3168
7856
6079
2521
10971
8257
11020
587
3069
9894
3545
9377
9116
836
11917
1134
6819
1642
8924
5558
4505
10607
4489
6519
6275
6399
7924
477
364
5820
10785
1960
2702
10886
2124
6126
8209
5312
11419
2056
10487
4687
12076
3882
478
10536
6367
5690
5247
4046
10101
8272
11677
10567
773
11319
6969
5268
10431
8169
3677
2623
3530
8204
7114
1200
3448
5414
5084
10685
10505
8873
6794
6762
9573
9996
1132
1337
8048
8953
1415
973
3475
3600
12099
8819
3066
10200
7515
2037
803
2882
2395
10289
11449
10660
3861
10081
4694
1305
1029
6791
2632
10667
10061
7254
1523
2716
841
5645
6121
4672
10806
6947
3563
7047
940
4052
6097
2928
4744
9460
11344
7462
8623
328
775
11500
5870
3953
6680
2590
8296
4034
5902
6756
5295
3714
12230
7577
8540
10825
5152
704
5279
10689
2556
2689
9991
6547
6260
5315
9391
9790
3672
6557
9471
6449
4684
7029
5747
2279
1317
7125
1955
9159
4240
3440
12046
4325
4899
4925
10987
8649
3525
6207
12149
2190
7769
3921
1691
8428
3331
10861
6956
1866
2562
2544
488
3021
6931
4632
11432
8487
4189
1703
415
477
11709
6255
2850
4248
1488
5884
8057
6089
1125
1772
10303
8182
8416
9669
10671
11431
11513
10448
6007
5064
10401
1449
38
4028
4600
15
3942
377
8620
1903
3219
7481
11709
731
10269
193
38
8495
1427
6743
11816
8039
3365
2836
3169
11793
5296
5587
1318
4264
6196
4381
4073
8726
3593
4555
7458
8415
7931
8343
1800
6543
3624
2988
5737
7830
7868
6354
8532
2776
1008
3334
12073
4638
1354
11690
82
2706
3073
10395
2433
11853
10681
1562
4877
10762
4344
9792
12207
4915
2567
493
2634
4451
9432
5118
127
11125
10817
8080
4998
4094
4143
1548
8696
11816
2685
5067
743
9838
1636
3732
4448
10542
1984
8812
6518
11754
7328
2853
3279
7286
11476
3396
1146
9430
334
10150
9245
4876
11827
1201
9160
8502
9869
12233
11987
4386
12324
9074
11482
183
5946
8488
3402
10594
1085
10613
478
1274
10761
11767
5770
217
11152
1522
10571
9269
7077
1896
5151
3081
4412
2943
8415
7413
3803
10054
4892
6717
6708
5414
2458
3895
1210
10538
5995
5862
4575
4269
7604
5077
11226
7352
913
11921
8236
11256
944
4663
4396
2512
11028
12117
7637
6698
8045
10997
8778
12164
1767
1691
6056
415
1739
5349
6146
7258
1111
9646
8212
10690
6042
7692
1462
2878
1966
415
4350
1350
1444
1705
11144
11481
5283
11244
6057
6465
3820
7131
3838
2353
11364
4841
4883
6322
7125
694
1074
5170
818
5210
6262
10453
11032
10808
10340
11451
8160
10305
2840
9114
1331
5043
2054
10709
6104
6785
4372
2867
7595
8791
8076
3094
12209
2188
11709
5615
5779
5908
7593
5311
9919
558
7384
9910
8027
3659
5646
4827
7614
5603
10319
2138
6607
2325
2005
5266
10405
5259
7485
10761
4818
10507
2144
12089
1514
4213
6215
1097
2786
8106
2191
5790
10971
7028
1257
5041
5944
4298
8723
4719
7133
10761
4597
5287
3894
4015
6398
7809
4284
7981
3832
7884
10897
4721
1922
8779
10612
5878
2756
3139
3036
660
4675
11111
10145
4698
9145
7971
12146
9698
1003
9386
8349
1807
9964
2461
2446
9585
1498
11752
10882
7182
9215
9223
10437
5615
541
8057
11923
4581
12294
6087
8369
10605
10816
2955
5089
4787
8638
10423
1296
4749
12059
5478
7592
260
585
4173
5244
8604
5562
3714
2725
1095
4178
4837
4509
3740
7875
7929
4798
1736
2754
10440
11094
3506
8436
6286
9022
12109
10061
7340
2758
2836
11215
9859
11183
4239
11037
3836
11669
11925
8561
8779
8784
7404
8103
1885
2862
5351
6743
8730
8412
3048
8215
9500
12277
8488
10878
4016
1798
7281
3892
7162
9726
4209
11692
6186
2536
10560
11175
8133
1810
10179
9929
9997
11599
2889
289
1003
6027
8554
913
10227
12344
8423
7627
12282
5364
6784
9228
11539
11606
5662
1623
8493
574
10275
9356
9207
4413
4173
8201
4448
5249
5755
11316
3662
2440
3578
6304
6337
7125
8083
10855
11503
6022
7593
8088
9025
6110
3754
4335
8315
199
11581
8346
10654
6611
4386
4211
11465
10774
4372
5472
3066
12172
12284
1578
2910
3200
6198
634
12265
8252
11988
467
4945
12048
11247
6261
1864
4788
5541
10139
8500
2551
3426
6553
9321
2812
11430
7802
9370
7433
1103
9003
4088
5639
3479
5047
6737
6902
11232
7088
6125
10017
12206
4794
531
1564
7114
4848
7760
1745
10216
9829
6616
4799
9052
3947
7008
1933
2611
3908
6241
6585
10465
2152
7743
537
2989
10933
4095
10098
388
10871
12181
9661
4069
3203
7177
10674
7629
3816
3484
5448
11498
7092
1228
5372
10334
5709
2295
11452
5663
5911
5806
10359
581
4694
11816
8992
169
12214
1974
12225
4832
3181
3112
12188
6246
9749
10187
12281
7711
1153
4035
5258
10276
2348
4093
6615
444
2076
9770
242
5205
8907
4194
9741
11767
1998
11589
2600
2997
72
5310
11617
3712
6441
7571
7046
12182
736
4861
7669
4890
6535
10833
6137
2010
5171
10201
10078
77
9498
6493
5317
11158
7793
9086
10946
10928
7296
3101
12030
4351
5744
11702
5508
880
4868
7672
1193
6859
10427
11033
6127
10655
7332
1963
1385
9317
3064
12180
6859
324
6809
4082
7064
3370
8861
11822
4747
7982
395
915
3703
1856
5169
7001
1861
5289
6312
11038
11374
10642
8907
6943
2109
4550
6089
10555
5614
3335
12304
3120
12157
10491
11402
7455
10474
1615
11436
7162
3803
2447
8987
6313
1439
951
10698
9908
1668
10423
2741
9051
7675
9625
2794
8724
10428
7227
134
8161
9102
9577
8227
5415
8464
4026
4556
10304
8454
8971
4882
7238
10252
523
4696
6211
10903
8344
220
3516
4740
1871
4468
6694
8150
5468
10866
3988
5550
8384
174
8548
1219
10151
11316
10431
697
9932
5250
12315
12172
8640
6550
6891
4409
7658
9091
5383
324
4838
11494
7582
5338
9119
9382
10527
6600
7464
9974
2812
364
6964
11169
4020
285
7923
3692
3778
4659
3191
2984
5408
9682
4495
817
10920
9731
4507
11612
3347
1130
9782
10033
4570
1440
6649
5367
1501
12233
4781
8768
8415
6844
10657
3485
2898
6404
2691
1403
2321
11298
12253
2056
9585
7794
10308
5483
7058
8881
1337
5394
6703
9807
12331
1919
6776
9361
11264
4675
4525
5380
11082
4955
131
9222
561
4001
2914
5576
10829
12163
774
11946
6508
4236
6886
4366
11459
11735
6861
618
10238
1133
2664
3329
4970
231
529
8766
506
2544
10934
4758
2890
11822
1865
8090
8248
7479
5418
8233
9629
4945
5489
7505
6829
8671
1871
7145
4787
2098
4461
9713
3019
4380
7928
4865
7973
1868
10985
10489
5096
7619
9026
5252
6902
11661
6566
5773
4883
4379
1848
3934
5871
1374
7146
7710
10634
7716
10890
8063
7741
7748
6072
6308
304
5083
1133
11171
5299
7003
3803
5022
4473
481
3981
5055
4482
325
10534
3726
816
11626
7005
4508
9706
9669
765
12201
7057
12340
78
9744
10907
7453
8718
10031
4499
1784
4738
6618
3354
4530
8651
3115
204
1019
4058
11251
6620
7379
4985
106
6274
6779
390
5399
501
6991
1382
11329
10172
3246
9668
7810
404
989
6349
4108
11069
3872
1793
2562
1543
7171
6206
3597
5055
7486
4657
8816
10639
4204
4409
5374
8855
6620
413
9064
5028
7392
10082
491
9483
9983
5848
3528
10748
7431
9733
3879
8668
6418
7778
9199
5265
6368
5958
3247
4278
8063
3894
492
3894
3562
3638
12188
6470
775
6458
10294
6783
8508
6731
7516
10047
3981
8528
3299
3514
9704
7650
208
2865
5472
10876
4572
3593
497
10272
8637
2551
12247
1218
210
7237
7250
8741
4178
4201
3702
12095
891
1517
5497
1683
10473
1192
678
4514
8280
7858
6008
3263
1235
5843
10304
3765
9906
4238
8787
274
100
7899
9422
10652
5313
10304
11907
498
9275
1701
2956
7111
3651
10856
1189
5915
7494
9548
3432
7822
703
10615
7850
7641
5084
4171
2986
12281
3425
11665
920
5862
3112
9890
9336
12231
11919
2274
8559
4516
3232
577
10286
9457
5429
10074
9053
4060
10190
9428
10528
652
5370
10954
5645
3007
20
3992
7405
12079
8900
1812
9494
5003
3180
11565
2726
10147
5907
6602
119
8552
2677
5496
4818
618
5583
12152
12175
7049
1783
6770
9968
5985
9911
4821
1536
11978
11977
1057
2317
3322
11016
8236
521
3410
2012
3440
11218
6882
2707
12331
11934
7310
12196
7544
8308
8015
7898
407
5325
8886
3644
11806
5974
6968
769
7308
6273
9208
4219
9814
9063
3735
10249
10862
11406
11931
1803
66
1317
11008
11185
2467
4206
12223
11455
10688
5578
208
2739
2928
7523
3657
10622
5771
5764
4619
5392
7296
8408
10269
1064
5699
8842
4986
7513
1742
2549
6111
8472
325
7602
3324
11788
2736
1817
381
4412
4837
11858
4922
8318
8543
6725
6466
4091
9381
7003
4529
12096
583
8795
9975
302
5513
5416
11771
4181
10040
771
5667
1417
7789
9245
1905
3404
1678
12099
3749
3113
1800
5028
8145
2754
246
11489
10802
10133
10242
4070
3947
5088
7829
11890
3451
5935
3482
10808
169
3121
7752
7805
3866
5806
4820
565
8579
10130
8573
2686
2766
5518
6184
3737
7641
7662
6166
9042
10882
9368
167
1705
6622
605
10501
8966
6857
4103
8026
3607
11939
9927
9892
9868
4466
9403
5431
12088
4260
10763
1046
6631
5756
7014
4019
7593
9058
4664
2398
3151
11172
190
7909
9742
6307
12028
409
3872
8516
11757
7585
10620
7250
9795
5005
3733
3463
8321
6841
5006
4878
10197
8017
846
3961
8778
10878
6674
2921
5572
3377
7776
3925
770
4075
2520
2226
7607
7157
12342
2583
5317
4339
9811
9990
10172
6752
3609
2188
7739
3931
2568
9538
714
7240
10552
7287
1282
8959
564
4847
5563
6609
12246
5480
9069
5315
10368
6854
4197
1120
11441
1060
4311
975
9482
10389
2988
10249
10939
11074
9064
7164
11969
11424
2079
11415
8247
11734
3549
6425
295
5403
3269
5686
10502
5202
727
10152
5752
12285
7969
8205
1537
3176
3955
9135
6959
4023
8173
3547
3070
1535
11629
633
7512
2854
10561
12274
11150
6647
9120
2670
6294
11396
9297
4431
11031
9522
8415
1455
12118
7809
11042
2060
11705
2353
2361
4928
408
4341
2894
1997
5119
8647
6508
7991
9035
9913
2758
7101
4546
9919
479
5637
12272
3146
6367
10769
11760
11659
4851
9450
2852
905
7925
8072
11317
10119
1946
10870
3258
8112
151
5138
4366
6634
3547
2587
3259
268
7804
11573
4025
10406
11980
7265
3464
6504
4012
3862
8883
9886
9071
2970
8105
4747
9336
3159
9139
1614
6689
4612
3830
3240
400
6469
9225
2882
9957
6231
9438
11738
3336
8343
5684
11326
5494
10998
2673
5334
4342
10083
3830
858
7680
5577
6077
3760
11263
5828
11368
2876
981
3480
5154
7760
124
10026
10667
2824
5793
7481
9448
3076
9637
9252
11027
10100
917
8927
11557
8261
9475
1628
7468
9144
2317
11375
3134
5605
6934
4724
7725
941
188
3321
129
9415
48
3903
10294
2868
85
9658
9833
12269
4371
1083
4019
10431
6710
3278
72
7740
8791
11552
5414
11397
866
12113
3146
10189
7266
10405
7320
710
2728
10605
5705
9455
8233
10790
11899
5512
612
3491
5668
12007
7290
3905
12026
1511
8800
6776
1019
5186
3653
6894
10166
8186
7907
11974
5167
5864
8288
3814
6642
7585
5726
5036
1027
5416
131
4077
644
9259
6136
10599
8311
4268
10900
4821
10971
4015
2564
3417
2665
7462
3798
2910
6277
5635
6159
8686
5657
3606
6907
4810
11179
8732
1224
11293
11692
9370
5785
11385
8826
2030
10334
11383
8487
7444
3523
786
4302
5643
5931
4879
1524
184
11481
2788
6694
12101
1373
2535
2622
11978
1030
3532
1165
9226
5274
5687
2055
7994
9032
9593
4914
8334
10192
6513
784
4649
1631
9250
1567
7162
8316
3825
2029
10524
7293
6661
6341
6732
5318
5211
11679
8832
10168
5479
8824
11089
203
12015
2540
11329
2056
1300
1
2082
7073
4845
8031
12098
11944
5867
6791
9523
10748
9462
7040
3652
11515
5558
8803
11612
346
6001
3286
9309
6317
4996
8147
1698
8183
4816
8985
5994
8561
223
10708
9650
3752
3124
592
7755
2114
31
2052
7412
8864
10683
6099
11168
7493
7970
8807
687
7511
11894
3200
4299
3954
3392
11754
1844
1069
10648
5220
3091
9751
12169
4945
2011
9294
9905
9565
1237
4355
2919
789
10277
2200
985
5258
7439
1935
2650
8627
8547
9303
10818
6858
5828
5271
8697
9951
2883
8930
1603
4564
66
2572
2880
3909
4306
1854
8721
8609
10533
478
7782
2163
7384
7040
10345
11624
10211
810
2042
11113
3719
5504
11961
9061
10833
8246
12321
7483
6922
9462
2351
5382
6252
635
3238
6130
3656
2606
5328
5527
3977
10075
7020
339
898
7690
10531
2380
7740
10031
4621
6789
8372
2367
9576
5928
613
3261
5224
5866
1952
4435
1767
1224
4204
571
9487
9186
3849
5319
1505
6571
4428
3496
2812
3425
10859
11874
10054
1207
7922
7464
9668
8468
2241
2293
7657
8069
2959
10357
8703
4039
9335
8963
6855
2321
8251
12027
9151
7613
7729
10393
1755
12343
5925
8801
9356
7206
6388
4692
3533
3388
11678
8481
6322
9034
7047
11099
2997
5972
11473
6963
5733
9830
8366
8770
9179
2716
6631
6200
11495
11928
801
7282
6571
2844
11323
6123
4250
10940
11609
4548
12275
10107
11626
5874
9081
5434
7340
11235
6907
5854
10931
6672
3336
9470
9059
3448
7862
4941
1171
8430
8996
9292
2878
3172
2592
10528
5849
4347
7974
5266
12222
9933
786
5233
5718
7176
12189
6880
316
1633
294
8882
10823
981
3220
8193
2699
11024
139
3026
3959
4914
5754
7026
5295
3227
1745
12160
12118
9279
10229
8862
5757
2998
4441
10246
8988
5234
2473
5183
1992
1019
5662
4805
12096
9384
3666
9857
8399
11070
6608
4717
2085
11130
927
11746
4369
2184
4312
4268
3146
5160
6374
3482
2759
10464
1139
3730
872
1781
5358
9358
6352
3576
8543
10882
765
569
8093
5231
3091
2915
12169
5321
9526
4114
5585
8466
4360
11455
9526
9527
8948
2977
3836
3144
9707
10771
8948
3283
7895
12188
10820
1486
9132
8832
4347
10939
10173
3411
1003
11785
69
8749
6224
1113
342
4444
8588
1251
4534
2332
1968
6135
37
10055
2471
1189
10880
11046
11330
2474
3034
11076
8749
903
8570
10248
3938
11315
611
7973
7512
3667
10967
305
12282
582
5901
3384
5540
7283
145
7459
995
1825
4724
1205
1651
1435
9542
8797
3243
8145
10641
566
9697
12259
10108
8989
6973
5420
11099
7267
2460
7460
12006
8503
10824
3989
10534
11530
6348
11583
9521
9299
6256
12189
477
2668
10630
1618
682
10183
6962
10006
6881
8754
5703
8196
