7291
3220
11840
8372
3911
8787
7113
12258
10098
5320
12266
3144
2978
7832
6793
1046
12080
11237
4674
2373
6747
4257
11421
9518
3459
4699
11249
393
11290
8801
152
2314
10929
1082
5054
12214
8382
7282
5345
923
4368
1843
5089
3999
2827
9457
10241
6047
9730
5579
6745
12008
8710
5061
7204
11460
10869
8319
2956
1990
4329
3125
4793
1956
6592
690
11652
3900
7413
11644
9818
11325
6776
7704
169
5216
1926
5364
8027
5667
2237
9198
6368
5101
3296
8545
3474
7478
11260
4593
4194
1533
4251
3621
1947
6796
1794
5341
4369
6455
1523
6932
725
10015
6087
9084
6395
10533
4779
6648
8773
4387
2859
6934
10734
11209
1461
1851
8297
1564
4223
8566
2653
2598
10988
12146
794
615
11227
4974
11251
5216
8298
10138
10191
10163
2570
11272
6582
32
11135
12172
11580
7786
9040
2154
4527
1685
8189
9923
5101
5869
5868
5507
10883
3220
1212
2434
66
2485
9752
7966
3502
10770
7744
10197
7893
5717
442
2455
11047
1558
612
6170
8827
7635
3128
6628
6444
4652
5466
6496
7729
8631
6152
9781
2736
1153
11
966
10962
4815
6329
11985
169
7586
2864
5441
12071
5486
10259
5734
5809
3309
5471
9119
6757
192
531
8896
5964
441
1667
12337
10284
7356
9422
3437
2541
12337
48
7974
10284
11198
3088
1565
8566
4669
4387
346
10606
1551
6779
1914
10369
11483
11049
8170
7913
5437
5550
5937
1755
7164
101
2484
9366
10093
8129
10699
6513
5424
6361
5356
3465
3840
10780
5713
7343
8587
11462
6960
3081
10414
4362
8237
6115
2000
3243
7907
7841
2058
8988
9795
764
11319
459
1434
6483
2864
11898
303
823
4676
11550
9281
2316
11471
11100
5892
6188
2246
1904
8458
710
11793
2118
9543
7826
2094
289
4373
3718
11522
4535
425
2167
10931
9006
4974
5959
8629
9769
6985
12247
2789
4533
12179
6856
713
418
5283
7060
7908
1981
2134
8960
11673
3551
2690
8973
397
6539
2177
7383
5471
9227
7965
6219
9520
915
732
5366
2334
136
744
9609
8918
7068
12124
7661
896
4048
11173
10339
9608
3126
4172
4738
10033
3687
3126
8737
9110
266
7438
8564
5248
4931
11435
11478
4823
5965
878
8963
8890
9575
11600
92
2201
9773
348
7131
800
462
2276
6097
360
202
3721
344
2904
11515
2435
4897
4037
780
4900
11267
10750
3158
392
11896
8738
1417
3206
3659
7842
3730
5989
4888
7814
2951
10429
9400
9751
6532
365
4282
9735
9653
12058
8121
6542
2534
11494
7053
10015
2733
3301
6991
1805
4078
8510
4146
9484
1982
2087
3161
3652
11422
3136
7496
7965
2154
27
969
2443
7482
6550
290
1949
12037
2840
4076
11180
5377
10187
3031
5
4580
4227
9100
2421
7608
6478
811
8018
3166
1183
2780
3245
5712
3756
72
5411
6267
9459
11077
6583
3370
8004
4501
8259
1057
4635
8407
2417
10608
5277
1348
10128
10695
798
2836
2026
1269
4540
10788
174
1781
2310
11938
2190
1711
9146
6276
6886
4344
8554
8659
2678
12161
9829
7194
3580
2847
5491
11217
11967
7249
1188
6022
3814
9166
2472
2030
10817
1488
9381
10018
1692
2798
2406
11821
11449
11890
12052
6785
9539
8753
7654
11670
864
8694
7909
3902
10390
4241
3783
2432
809
2302
1350
1182
1266
3321
9600
6608
8458
8905
4117
5720
1304
6402
506
10451
5325
6482
3858
4979
8869
925
4683
2296
4624
2586
4911
3059
5747
9277
2702
1047
3427
6849
11704
7671
7084
1611
4240
11077
2878
11138
2345
5225
11063
10280
9311
357
3080
5460
3277
8996
1864
1843
2714
4813
8376
1282
4651
10144
6557
10019
3553
10096
8516
6157
7381
1648
3193
10478
8523
6221
3936
1819
7853
9555
5208
7976
3037
1664
10362
8768
2260
7277
10616
8917
1880
366
9267
11139
9740
3633
10512
12219
11122
7637
11872
9615
3483
432
10835
11289
1269
7773
1401
189
5354
4700
6337
3588
2820
4947
10377
12277
8164
5805
8725
8906
3227
4740
3795
10067
3258
5254
9474
9166
11779
4916
5762
10952
1928
10007
5520
1645
11123
2856
3786
10427
11360
11850
196
3077
8476
11171
6398
3781
8443
4463
788
10686
8771
10222
3266
4412
1777
2035
7717
6856
11235
117
10684
3940
12049
7823
8616
1729
5524
4837
1435
8695
7602
1678
1624
5710
6091
9455
3244
4506
10436
2689
4696
6263
5301
7221
8280
4848
3163
3900
10329
10031
7657
9930
10764
6449
6163
9130
10399
8590
11242
1275
1780
6404
8316
10737
7677
2119
10657
7510
8719
10607
3679
7013
5689
4190
3616
6455
10186
8927
5388
8105
613
7006
8230
559
10595
8044
9918
10951
8692
7901
4592
9577
1874
7891
7933
9779
6315
1395
5354
3763
8240
4506
3297
5805
3361
392
5441
1238
3785
11591
6536
6102
8612
4933
9973
11158
11568
5338
4518
4414
10216
9861
6811
4239
8409
4105
6558
11565
10549
12232
7622
157
5967
2362
3936
1296
9262
5886
1096
10758
6164
6148
2430
214
4975
5305
8142
2866
1712
10934
750
518
9935
8140
11875
11043
10188
6706
11112
8182
10218
221
8899
4642
7741
11244
2087
12328
11500
2741
6625
11579
6370
7208
4642
9846
6236
10874
2402
9223
826
1988
5308
7152
10012
5327
11193
7581
7593
6033
4182
8541
10255
11888
8739
4806
11980
2713
9346
4236
6708
293
4033
7668
10107
6212
9901
9576
2243
4172
242
2317
11177
11342
1263
516
10077
10801
4888
6262
6852
10040
1778
970
1767
10312
6530
1428
10790
4177
7462
6007
11023
9760
5249
1673
446
12103
9274
2769
5428
492
12158
8122
10812
5152
6000
5794
3581
7022
5189
8204
8891
752
11077
815
11797
266
7858
7155
7864
8444
11427
6092
9303
12203
6519
3470
6256
10449
9774
2399
2635
11090
3181
5621
3743
3656
1515
11059
7188
10674
1724
4148
4564
3072
10028
4442
605
4233
8627
9519
3222
1047
6952
1637
9992
3992
7620
3504
8015
1708
6496
1388
4442
12082
184
9886
8329
10984
380
6628
659
4502
5344
3918
12138
5864
4756
9910
8652
9814
11048
9839
4588
9984
11183
8361
845
11966
2604
8766
2451
12288
6716
2485
2361
264
4893
667
3085
8924
6616
5455
10207
6332
7284
7112
1902
1045
7229
2593
9311
5394
10011
8460
8104
4112
4273
1991
1114
9753
9310
9692
5465
9785
2351
9476
11863
11238
12283
7762
11379
12303
3276
279
1432
6318
8029
3025
8343
2608
11682
4297
3575
3399
11335
6982
12020
8657
9571
2003
2268
1295
6871
6545
10011
10053
60
9507
10946
2252
4669
7691
5280
6992
10937
1252
7796
4332
10567
4219
1103
959
9877
4087
7706
2985
11905
3028
6065
4481
10471
3677
5507
5885
4068
3396
3575
1690
5701
10189
1214
5633
11661
1149
3665
4231
7103
810
6962
4131
434
10565
10815
1951
3305
11166
6761
5562
8172
8018
3315
7763
3
3421
5672
9373
2986
6556
10475
6975
11387
8577
1540
5133
3684
10740
9975
6125
7894
9512
7978
1115
3733
9761
11996
4742
10516
5320
8094
2928
3241
5940
6839
6836
3580
1860
1751
5227
4621
12125
3270
9605
7458
2924
6918
3488
10808
2712
3806
698
5344
4288
10118
12248
11680
4596
5434
11461
488
2381
2859
4083
8793
7835
9679
9210
11923
3921
9148
1763
2205
9645
5138
6882
218
7216
4039
2689
11623
10432
9182
7085
11262
8684
2572
1144
5666
11450
466
3898
3461
8773
7781
2948
8560
4932
11046
10320
1424
10052
8280
2471
10133
604
9144
4904
11562
6202
73
3665
873
5177
115
4975
8893
2292
5098
2638
7955
5126
7711
7388
4999
1494
9608
9096
12231
5491
2753
6868
6483
10104
1423
10377
9371
4477
11245
9450
772
6645
1258
1926
2104
6039
4164
10124
8331
226
5251
382
2205
8092
5770
10267
6539
350
2177
1738
6004
5955
74
7328
10861
1862
10496
11841
3565
12244
1976
6419
3107
3701
10696
2270
10719
8726
2369
246
216
281
10296
10952
3418
5429
11473
5065
3588
8660
9060
11275
2748
978
2967
5959
5289
10092
4963
594
12115
1181
7663
4656
8211
3308
2802
11109
9783
7141
2851
4992
4335
5578
2042
2851
5510
8056
310
2053
7985
6005
10482
9818
1493
7495
4556
9352
3060
12106
11228
10877
7474
5043
3216
10465
11940
9765
1909
7990
4360
10893
3202
10286
665
7651
11680
7882
9475
5181
4474
7538
5823
6968
4635
2672
9505
9524
7228
2481
2491
9501
3656
3159
297
11661
4242
12304
3046
4434
6699
5497
7297
1093
3425
10213
4700
3442
3316
2177
10697
7158
11709
2036
11636
8605
6793
10564
856
1973
2733
6813
6132
9242
5645
9706
2546
4150
9225
7929
8303
11700
3282
7938
3333
4851
90
3057
4370
5481
5940
7111
11813
2264
11079
6652
6723
9217
478
4564
5991
6701
5764
1361
2705
11599
11497
4401
9689
4067
1081
4338
2288
6805
3955
9719
7132
9983
6002
6122
12028
7718
8220
6423
4587
7059
2855
1184
3751
6478
2758
6860
8348
1723
9203
12015
2271
1234
1921
6267
9329
3569
1624
11127
1539
8670
4614
9262
3720
7592
11222
1672
7262
6245
6487
9156
10512
2452
4359
1342
4658
7620
4373
8769
8315
6387
7326
9459
9099
5486
8202
2139
1211
11310
575
7337
11367
11075
1013
9715
4698
10311
10149
418
6421
3890
5697
8876
4346
6733
10743
3894
8628
6282
2122
8056
3202
10597
5910
11377
8927
8343
7590
1450
2347
31
12229
11441
2557
7446
4786
8721
10863
7244
9481
5091
10288
1284
8461
2629
7491
796
85
3130
2261
3140
8349
8109
6908
4627
11063
9100
3659
2872
6655
5758
10272
7058
5646
11236
9140
4269
6863
8151
1714
16
295
8996
2596
6688
11408
1431
5744
4802
3411
5747
8312
2035
4216
10486
10970
1807
7442
6469
11750
568
11253
8113
2941
7734
12218
728
333
8190
8718
5871
7353
2355
10462
8252
3808
3412
2313
5250
5514
8076
10275
9453
10398
155
2692
357
4339
287
8631
5222
1763
9846
5279
4116
6414
12314
8344
11688
12164
7400
4189
10
9423
10016
3384
8805
10622
10397
11439
3037
11037
721
11196
476
8629
605
6641
10699
1244
6080
12296
8376
4309
1814
7550
6422
6967
10207
3000
5306
6376
1448
3739
1752
4501
12174
8379
7259
5913
2319
2130
5318
3224
9078
11801
1912
10798
9519
10690
10762
7838
11052
10192
143
3343
340
7686
4237
10725
10373
5177
9269
11906
3492
6821
8424
11496
2816
7800
9859
11036
1903
10665
3423
9851
11393
9947
11165
6346
5842
1167
5563
3625
809
7695
9076
2347
1067
8316
9498
1640
4160
2214
3494
1782
10559
1505
10141
12262
3593
9942
6264
8550
8426
1904
3964
7733
5808
10146
7264
4651
1435
8301
8688
6631
427
7913
8439
8830
3072
10503
3982
11760
2101
2821
10729
9913
1963
10270
8610
212
11919
1437
3334
67
4662
5225
5472
11476
6562
969
3560
4921
5100
8695
10603
4197
2972
6021
11259
2192
2078
7072
11166
9777
8664
4249
10570
1628
10502
6102
5617
2359
4599
5718
8040
8249
10209
11783
4413
557
11557
3258
7667
10684
28
6688
5448
8743
78
3547
2602
11772
46
5916
6949
4471
6061
6828
5104
8813
9114
7379
11836
8323
8154
2626
1299
6890
7257
4606
1573
8644
6391
7272
8099
10774
4341
8673
9478
10188
9589
1844
7631
2252
4871
10796
980
2786
5813
4175
10586
9957
8932
12025
1298
9241
8113
8767
7271
8874
4124
6421
3620
4341
119
12336
3597
4237
3261
7342
49
8600
1385
7035
3232
10365
11905
5285
9758
6813
4265
7744
6061
12042
3836
5685
9637
7858
9636
1371
10752
1460
12126
47
7718
8586
97
3790
10120
10412
722
9508
9912
3755
8638
9595
5633
6392
6957
5315
5975
11046
195
2886
5183
5345
6131
3869
7661
11899
3786
5720
10579
5238
11733
9353
10633
9827
2684
10923
5417
9347
1849
9301
8058
12046
11301
7469
10765
7655
6505
3073
6198
1163
2106
11273
5255
1253
2440
940
129
8819
8582
4213
1206
2606
2397
3041
7921
7566
5594
1289
2581
2150
6941
4598
7789
8570
7176
660
11847
1151
7942
1356
11343
2130
4858
8614
9409
2578
3899
8795
9597
2544
6527
178
6706
5106
445
11903
5611
1478
9606
6316
8628
2371
204
8892
11415
11876
868
7139
5174
9139
2058
10873
2927
11062
9898
4116
7092
11014
4913
8739
11388
5428
2439
7739
6591
8965
1376
147
5419
1660
1036
3201
953
8686
721
10126
1631
10305
10317
7542
8917
3051
6666
10689
6949
10437
6776
9105
2675
5596
10480
11388
7223
1943
6648
2417
9303
8734
6996
9427
9492
5963
3986
6938
8196
9172
11565
11371
1579
8783
390
9258
5225
206
11151
10922
4374
10353
5631
7583
11183
9387
12303
5428
5906
11857
8359
1654
4840
1069
7444
1914
5022
260
5070
10705
5115
2471
6463
6819
6631
3969
1217
3641
5758
6715
9889
1006
8350
8167
12274
2587
569
9032
965
10539
10389
3410
9491
290
7181
10598
4048
2556
7568
11092
817
10091
775
6471
6455
4728
8165
9301
8291
7383
10864
9536
5829
888
8508
1519
1346
1640
5316
2413
5248
10694
7146
3375
6670
11946
6199
12152
5071
9135
10868
7058
794
5495
3493
9463
11768
1533
3683
11221
8054
3002
1229
3411
9494
6622
2962
11850
8418
11736
1055
11296
7730
6788
3149
8413
2330
11911
3024
11211
6910
9993
10877
1057
4918
10770
9104
5441
11330
9606
4025
11651
11325
11424
9366
2051
8846
7519
1809
3297
10301
11137
8392
4841
11642
11371
11582
3388
6656
9952
8132
11541
3571
7287
4012
1274
10910
9344
4259
11047
1645
10458
1201
11850
5524
3407
4548
10481
8278
1003
533
9945
854
4779
5321
2179
8022
11408
11087
14
7592
9102
10755
2431
277
9279
3565
2885
8278
180
5737
4031
6414
2484
10566
5275
3292
11471
1861
11632
7788
9572
8
7154
7001
6414
3264
1571
7366
8925
8908
10657
12109
12153
4800
8428
6320
8447
317
10157
2094
9559
4023
12337
6405
1669
9740
9565
4588
6948
3729
4719
11082
3401
5239
3573
3961
638
8944
11735
6464
1820
11999
10411
5477
2351
239
4874
9498
4068
8698
164
11307
7175
1104
1245
3726
10215
9738
4125
8978
7877
5074
7791
4532
8083
5119
3866
4222
3457
5255
3209
710
3052
769
7502
133
339
5617
3883
4552
4278
1773
10695
4430
4615
8274
1412
4147
3368
10161
1407
8446
2089
267
6620
5623
8350
3191
3425
9717
10309
8460
6709
11320
2472
4463
372
9936
2543
10862
11769
9875
6683
9006
2254
3421
2422
8344
6430
11404
6935
7556
8263
6384
4529
11365
2109
11018
945
872
5793
4774
3122
9615
9102
8080
3720
3863
2888
11390
1469
6114
3802
1054
6017
6590
4394
8527
5267
10832
512
4450
8159
10249
8095
1592
1339
3166
5486
10931
7121
7011
6843
6963
4617
808
2384
9634
7973
518
8783
8747
9083
10715
9608
200
7537
8615
2975
7389
12325
6670
8596
8896
10188
10424
7364
4457
6660
1567
86
11055
8219
6577
1314
6381
3639
9079
2750
11238
10348
2195
11186
6698
3084
4562
708
11208
2563
2311
9814
2963
4524
9533
8168
10990
11632
10603
5161
2968
3036
3829
5055
868
11568
7553
5831
10405
4983
3142
7151
1144
4530
5891
11803
520
7078
6102
6493
12054
8995
4419
8374
8615
6435
9383
2803
7774
6941
11982
8453
6775
186
5039
886
3549
7744
3928
6208
4407
8801
7113
2500
11148
6746
1142
4421
2582
3715
5800
284
8197
4876
7840
8798
2435
8215
9120
12125
11236
7469
1807
10255
7564
2750
2359
9085
9881
6277
8059
12275
10906
6563
1649
2977
5695
11075
5432
9445
915
9251
3900
2160
5419
5551
24
2653
10588
3436
10816
10791
10161
11770
2042
10643
7960
9653
6149
2979
3265
2585
10801
7331
7158
8193
3545
9508
11498
434
2808
211
6016
9954
8068
4423
12054
11658
7098
3006
6715
201
10657
9958
2379
6440
5629
3526
10125
2857
11903
9679
11552
7849
8158
1949
2222
8864
10331
9345
5986
3534
9482
6253
7850
11679
2028
5564
6867
4108
9727
2556
5954
3527
11871
6679
9755
2949
4741
6602
4816
7930
12254
8993
5229
10439
5787
405
3498
5652
3049
7120
9574
6819
6300
6772
9765
8721
2073
5823
2244
2783
1473
10764
11703
8391
6152
8056
609
11230
2538
1001
547
1182
3293
2314
4420
9125
11747
565
945
2543
5202
12076
9460
10783
7027
3877
11792
9427
3122
6151
6416
8223
5645
3023
2519
6403
3094
3731
10049
10085
8659
10740
6669
3933
10473
1561
11424
2871
7436
11843
7257
10261
11536
9529
11717
3691
6183
10169
12301
5781
3479
9316
2299
2835
3269
1393
7001
6987
10442
793
10426
11994
5867
7235
1511
7818
12219
6440
393
12198
6228
7509
7443
10101
3689
7338
4298
8432
970
5203
2760
2910
6243
11719
4204
6111
10034
11641
1908
3777
3806
679
5077
12273
3040
4049
1889
2952
10074
2655
9810
10589
24
5840
11259
4323
17
7015
7781
9399
9517
10496
2034
2089
3147
9704
9504
1031
838
8265
894
5257
10510
7796
4470
3317
5743
10207
10090
10661
2562
11203
6367
8422
6187
12228
5186
6534
73
3635
1373
11054
9419
7825
6884
6284
6622
8923
11202
9372
6966
1891
5637
7778
6554
1660
12257
11116
11763
10090
6847
9542
6826
7298
4751
2881
8049
201
11113
4011
993
6669
9347
8239
2036
11048
6343
9885
4722
5154
357
4682
9002
5823
827
3924
8473
2480
11521
8871
1806
111
9104
6852
9012
6799
2561
3838
9181
9484
9683
5336
9437
4992
10868
7420
6611
7272
2241
5667
4815
5556
1892
11200
11207
1734
7699
5534
8994
4672
4653
1356
1365
4380
2647
7779
5121
1444
4300
6132
8406
11711
1374
10583
183
3915
10256
11533
630
12027
6834
11938
7161
7660
10330
6911
10734
5530
6105
8623
5
293
11844
10380
1274
46
11899
11902
7989
5854
5799
88
4308
4297
4503
7917
5042
2185
11057
7421
3034
1245
380
156
1343
4991
11807
8356
9338
11406
5057
7508
5460
899
10302
12308
11839
796
1873
12294
11770
5558
6009
9543
8952
1058
921
4202
3462
3641
11232
2946
11943
4820
11129
6399
6858
11470
1945
808
12339
2545
5474
5876
6568
3664
1399
4893
3522
2804
4396
6988
123
1952
6049
6593
9314
1610
7655
1602
6208
892
10092
10611
9794
6086
3605
7496
10611
998
2553
9996
8703
6838
10502
9321
8423
11300
6199
11328
5201
9100
10907
6732
10328
6977
6637
11846
12339
8142
6988
5020
10248
11312
9517
4320
6024
7833
3922
11359
3625
8303
7500
2311
8583
11534
1756
6003
3204
12103
9737
5891
9255
12320
9798
2222
6208
8457
254
7190
674
132
5677
6563
8786
11334
7203
4641
2190
10732
8016
8263
7751
8821
9968
5850
10803
4344
3004
11328
7780
10622
6518
2544
366
8991
2681
11548
5519
2591
2569
11167
6232
2307
945
6851
11124
3131
9569
7409
12302
2775
10835
3352
9723
3576
2252
6371
8079
8590
11355
8678
1051
5776
10965
558
6669
9908
1878
360
12302
9117
10877
7765
8010
5098
5748
7341
218
7116
9173
6634
3455
6777
8586
5677
11850
12197
4735
4842
6112
3903
6716
6370
3082
11098
7569
3162
539
4124
1194
5702
9002
6175
4284
7120
11968
4059
2333
5641
11854
2330
2277
3574
8419
9457
8021
9224
11899
8513
2175
5415
3180
2147
4069
529
2102
12225
2130
11023
3386
127
4450
9449
4308
1298
1036
5158
5209
2190
250
4533
2353
8528
2984
4314
886
2909
3446
4544
6866
5532
5089
6995
11122
11712
5872
10115
1098
7074
3532
10813
3057
7604
8962
11564
4627
3752
297
1768
5467
1787
5339
5969
11413
4363
4423
3863
11434
2145
2786
9541
6352
11751
3279
11991
6464
8207
8940
9043
2542
2287
11355
3843
5029
9977
238
8123
7068
10239
11400
4320
3594
8571
6750
3278
8367
6281
10571
11304
11792
6827
6888
8445
4577
10238
6739
10119
2673
7254
10205
10529
9757
10919
10239
8961
11948
10830
1049
5503
6338
11550
10935
12139
10514
650
3718
1372
12069
11743
11960
2566
11627
7465
3327
4512
8564
6556
10066
4753
9522
11050
9098
8994
10820
4604
4633
11380
8875
9044
7592
39
3425
10085
3179
5008
9189
2524
972
4468
11301
6526
10498
10186
10727
1062
3033
9438
10121
7043
4408
1992
2802
10136
1775
8630
3102
8065
8087
3911
8815
7615
1892
1208
10533
1918
10831
11387
8903
6126
2245
3955
4663
9868
7203
7712
3226
9989
11697
4718
6615
7390
1460
8069
2689
4597
165
8617
9537
3134
1002
5493
8369
9391
5771
11113
2427
7793
8957
1836
362
3597
7741
4675
7470
10872
3820
8700
3369
3728
3110
2004
6456
6811
922
8156
5477
5704
2322
3757
6401
6845
10781
4280
4013
10825
10026
8753
5484
9421
11454
4278
1448
6069
10042
5132
2134
606
8934
12208
9376
8009
3960
6210
9284
10993
3539
11731
5969
1949
620
4178
12140
7035
11269
11672
10221
2798
1240
6915
179
5617
4784
3248
616
652
6999
6952
1550
4782
1552
6252
7544
12054
7051
2199
4735
8781
8133
2780
7653
4291
8989
8044
10475
1812
661
354
286
7179
8427
4547
5351
2271
711
3796
6129
2058
6723
9300
8040
7228
7453
1919
3692
7815
2323
1848
1295
5016
4509
5942
7453
61
9849
5672
4194
7974
9805
2659
9126
9345
9926
8937
250
6525
10040
8471
2438
11737
5500
4001
12260
4076
45
2664
11592
3002
6638
4291
5659
2081
8558
1079
4976
4773
4704
11415
1991
12128
7862
10038
4643
170
1925
3087
6156
9041
8722
6975
2894
12069
8206
8856
1947
10820
6754
7784
10198
9463
3988
3509
11351
7590
4672
4197
11005
3557
8100
5654
8341
2213
4302
1482
452
10242
10820
10065
3636
2966
4498
9377
1118
4887
5791
2901
4280
4703
6734
2609
6006
7498
4404
11015
8055
8792
4092
5627
6081
6705
6947
7161
3508
262
4187
10768
9437
12317
4444
10487
5519
6857
8793
5922
4976
1131
7264
3941
1948
6183
4537
4712
11298
8985
2314
8805
6899
6986
704
134
3781
3674
1849
5848
5645
5577
9503
4868
9437
1167
3890
9186
3230
7873
7909
3229
947
11797
5086
9182
3448
2626
4752
1605
5115
11039
9194
10138
2516
6635
9587
10777
11533
6156
10954
4382
254
7897
5720
11390
9000
561
7103
4726
6427
6321
5954
2952
10940
11874
36
219
5779
4730
7771
11836
6257
1261
7187
3703
4302
2433
9014
485
9022
2983
4163
3420
7457
8711
10266
1107
8847
9922
5477
5489
8892
5839
8168
8137
4071
3655
3207
7956
12268
7249
8128
7215
239
7993
243
12302
3761
7828
5074
9110
10680
12256
551
9291
100
4969
4631
4005
311
1557
3735
1855
4694
6183
1930
4862
6684
10685
8574
5862
11199
11550
5116
7488
9661
4991
2524
7386
11390
7086
12083
2199
5433
11776
10412
824
10058
11976
4602
12149
8999
12053
8687
453
9986
538
8279
9656
2417
6741
6217
4274
8893
1159
9299
1929
10812
2557
5420
4829
4965
7702
4651
6958
5903
1244
10051
5033
8137
11649
11990
9916
1561
8792
9951
4317
3485
11782
10510
11091
11837
4336
4181
9389
11584
1691
3101
1031
10239
12117
11271
5557
5914
4011
7753
8982
3077
9472
2080
8498
12045
7335
8542
8298
10864
12156
5412
74
1689
7347
11489
5353
5503
4199
4571
8668
6364
7011
2033
9674
4580
11745
7997
5982
11715
9769
9958
7407
1535
5838
3710
11471
7819
10690
680
2021
1508
11188
4174
12335
11884
9994
11761
6757
2586
8000
5610
8590
2039
1434
2281
10799
4430
1342
2281
3574
6653
2959
12196
2972
1380
9984
6959
4083
1252
8482
11166
10796
4923
10464
3343
2928
1329
10286
2110
2715
92
7010
12194
2887
9801
159
1073
6702
9207
9376
4624
11528
7782
6612
6916
11885
1498
9145
10448
2043
8706
3266
4488
10905
11011
4426
6505
11188
8105
1257
9525
8132
9722
8978
3308
11818
7265
6910
7821
7727
3001
6935
3103
3691
10410
4611
6710
3416
11231
6695
5792
10777
8272
3282
5743
1408
9096
2154
3709
466
12066
5260
6310
9227
769
3559
9875
3235
12323
1471
11618
2718
6537
1895
91
4026
8658
3364
856
5100
3319
1412
7721
11338
9828
2639
1566
2265
7281
3961
8990
6390
7373
1144
8399
11049
11343
861
1331
9933
357
11247
10069
5979
4809
6876
11624
4400
2295
8878
9658
2897
1877
11555
737
8413
1521
7005
1737
4732
10285
7241
7194
4381
9436
4790
3286
7181
5167
10677
9932
9543
6383
382
9999
5908
2065
1463
11166
8914
10235
9706
11682
10419
3356
8141
2105
10161
3141
8680
5593
788
2515
10696
9865
5184
2375
5901
1925
6245
11303
2077
4552
9539
8813
8698
5900
11333
7501
11928
4993
1459
8933
2598
12163
8562
1857
7306
6150
4575
1577
4352
8493
61
1409
3751
2431
1601
11385
11949
6322
4585
3105
12102
7533
8722
6308
3769
7502
9371
7200
7430
1909
628
7232
8861
11823
7982
4741
9809
4680
8352
199
5952
6199
5174
8428
1238
796
1438
8033
1265
3357
7283
7568
4540
2933
10025
10229
1167
5561
8296
1890
7922
1333
6481
11565
9621
5764
5312
4448
7189
10708
8640
2182
7101
5099
10934
10601
11064
4883
7928
11357
7986
6240
4516
3608
8284
3574
5036
1635
2941
10775
7461
2733
6049
8342
126
1667
903
6218
7866
8681
8253
4930
9018
12173
10716
12339
12007
10195
9426
9046
2101
33
4345
11092
8586
7021
8953
10720
1007
3199
757
6228
8836
11414
11867
2182
3341
3335
11682
2946
4280
1770
2069
7152
11722
5758
6550
6082
235
6521
666
12032
6272
9022
1919
1498
8584
106
2637
10134
3729
9443
6098
7162
2156
5582
12089
1962
1293
7702
4024
2893
6483
11295
9707
2747
4668
7208
12043
9817
7121
10499
7078
2721
660
10899
8783
6818
2259
2088
425
2232
12202
12187
4358
6773
7212
5204
10164
411
2896
247
3931
7483
7256
95
558
2205
8852
11227
2402
4990
10373
3896
2259
7493
7878
7362
1400
4944
3393
1875
9548
4043
3025
4928
9732
768
8633
2818
4887
3658
4807
12317
9848
4607
5260
17
3530
9294
3583
6297
4895
12244
5203
4369
8276
8594
2693
4875
9534
8604
2941
11125
187
1689
1004
11879
6612
573
11265
4023
9960
7148
9471
7280
2779
5860
4886
6159
2070
7352
8024
1049
12171
4636
1411
1106
9751
7039
10831
7603
10995
7780
8276
9648
5186
10475
6509
2498
7645
11034
1500
1647
12102
3501
8195
12091
1798
6040
6340
1400
8203
3011
9531
2027
3718
10981
9564
130
7420
240
3395
3443
8510
9597
4150
1602
5761
2581
2706
7703
7122
5238
11871
232
458
9074
9436
11900
4942
3762
1241
7018
4321
7304
1754
11386
2556
11652
5517
6902
12055
2230
9980
4379
4984
12250
5133
5607
11163
241
11056
275
7997
9491
2029
2054
6809
3207
1084
3663
1236
11373
4654
7517
8269
6130
9179
9484
9037
5818
7126
8512
1862
8622
2720
2342
3913
10486
1554
2970
1570
6522
7656
5147
6311
6932
9119
1110
11863
9284
10516
7824
6037
389
568
645
6181
7751
11233
3278
2704
246
6206
7094
2250
11536
6406
7618
951
6355
6103
4994
9895
5312
8115
1400
2675
11991
7286
5341
8344
10898
12220
587
7355
11550
6712
1011
2264
2066
3113
2099
10638
9056
3160
6287
11613
5126
9184
8400
6286
2826
3446
2880
4764
11941
7281
8285
7874
4037
4874
12127
7385
992
3755
5298
3572
2529
6266
8746
1240
5752
10093
2121
5794
7104
11130
5540
799
6869
10099
1577
6305
4820
3331
3963
4817
11355
3912
9155
4960
4356
11569
9185
9195
11077
10376
6000
10690
3436
11927
3352
12133
4342
495
4352
1615
874
2682
3869
7977
4557
9691
1857
11096
9780
9394
6947
3695
7967
3305
3018
4227
8789
3027
10610
2316
4664
4408
3892
12152
8942
12058
3836
3418
4865
10692
1112
6988
10314
7320
10772
1396
12153
10468
5693
10562
6021
7532
8093
5738
3945
10315
6472
11306
8682
7671
8934
11855
4361
12192
1059
5839
2535
5469
2719
2612
3425
8634
1338
4991
2033
6919
10876
2223
11486
3475
1965
10366
12125
6447
4278
11670
11254
5637
229
4884
8935
9294
4673
10172
5594
318
4361
11642
1335
5379
9719
11432
8304
1126
9902
2185
4342
1014
4155
8111
4267
5290
7334
4003
7359
8180
9685
6719
4822
7733
11543
3217
7741
3222
6935
9843
9725
8679
5268
6218
11178
8555
9845
6851
11867
4878
5197
5771
830
5117
6214
10360
7383
9867
545
9534
11757
2263
3443
3494
5734
5455
2260
11148
1986
9049
8122
8878
1788
9569
4550
10173
7913
680
8971
2125
5303
8754
6183
8875
9646
2686
12024
7180
6515
3498
2380
2234
3638
4824
2341
10389
5418
11634
358
9373
6185
12227
11564
10970
3895
10087
1257
2989
8138
1997
6166
10348
1064
7162
6126
6669
11525
9630
7157
1253
826
11395
1313
3985
9007
10210
3110
8193
2542
9568
7447
9044
7507
1891
12076
5594
8373
8584
6836
574
2839
690
1285
7282
8896
4935
9923
7923
1785
6398
3855
69
324
3508
6807
1877
10026
8728
3232
7063
1182
11994
6595
10335
2743
10575
5100
1605
2421
5030
217
2916
4820
9451
10088
9748
3366
7962
9710
11810
8878
9446
7155
1262
9187
9351
6885
9837
9180
3672
2079
246
9562
2404
5703
7318
7708
6093
7319
8008
7960
7230
12105
5934
5578
6950
8472
4128
6489
9657
2678
12214
5177
1101
3014
10372
5132
9934
6430
3540
295
7705
4019
10166
10276
11059
8710
2248
10314
12065
409
4701
6649
9084
2120
4054
8596
6
11549
630
6696
3047
8206
3287
9691
9354
5947
1257
9
8689
7829
1511
10289
1836
7853
3750
8662
5959
6496
919
833
8337
3717
9987
2848
6017
1262
3753
3457
7010
7766
2213
8743
1376
928
10029
8616
10471
11549
4185
4014
476
6767
6135
11779
9547
10225
2727
4731
1068
10234
1902
7552
4670
203
8952
12316
8177
3850
10502
3345
4392
6006
3691
42
7096
3596
6178
3260
4085
5023
1114
563
4272
1601
12168
5171
3720
5223
9590
10761
10191
8162
4589
5415
103
11116
7493
4009
1550
1688
10131
12052
8068
2971
9915
1729
10887
10153
4239
11586
9518
11078
6868
120
9801
11888
9570
11131
11618
3259
8253
10453
3259
5354
10085
3920
6289
9441
4064
1488
4921
4389
4016
785
472
10312
10746
11455
789
11501
11990
12305
9545
4780
10390
253
3706
5041
1973
4676
10655
627
3606
9957
3527
2432
2067
970
3742
4284
4853
1631
1034
2273
5502
12
1407
9072
2629
9400
4540
997
643
11568
6564
3102
9142
5618
8084
2482
4306
187
2497
11719
2118
9275
10830
7898
8711
2035
8257
8869
3225
4604
9793
1838
12220
10256
6343
9388
6827
3811
220
2226
7890
323
7518
4734
8334
9894
6691
4003
12323
1162
11275
7501
3476
2799
12086
4229
6299
7562
5006
1666
4395
1903
7800
12283
10890
12077
3623
4344
4791
1130
1564
4575
2203
9253
4471
5823
11711
7298
4827
8367
7018
10609
10048
4105
8023
3515
7323
9669
6179
8928
11500
11349
231
1928
8979
6539
7388
4876
7618
10036
6338
9993
11919
2188
6150
8509
3509
8950
4697
11574
7234
6954
5008
8789
8758
8634
4202
8904
6180
5225
10229
3742
11394
6876
1279
1969
3187
2666
9234
9074
6780
8971
3930
2315
5073
11957
2136
265
6959
9277
9844
9311
223
7721
5183
7129
9405
5436
8491
9197
6765
1849
2220
11974
8328
6643
5892
11869
3355
12164
11134
1535
2052
7883
6524
5541
8259
8695
7578
8630
9384
8471
4164
821
5617
5707
11677
3902
4231
11176
1754
2224
11679
8059
8041
10524
2134
8630
2921
9955
1377
9546
7709
5544
9227
1702
9928
12330
9529
3683
7255
3470
12122
4434
8550
3532
3804
10700
9159
7234
2982
9201
2359
10753
5908
1955
638
4085
8179
640
9574
2507
8947
6562
9269
6430
3510
12090
3348
5553
833
6199
10694
1668
1554
10187
4193
6469
5858
6259
2110
436
9733
7746
10684
7320
2234
6510
3266
4910
114
4234
10233
9160
8522
5875
10018
9061
4379
400
1351
11613
8091
8138
8301
1739
5145
7991
9086
1536
9253
3292
5390
7849
10450
6319
3276
2035
10784
6619
9602
4606
11474
4754
10839
6871
4398
3674
12208
1054
727
10716
10763
3142
2269
9275
7777
4909
3619
6026
6895
7104
7744
2770
10920
4578
2864
1655
12125
1181
3404
8610
6917
5110
1585
7105
6919
10366
11092
7191
12231
5648
424
4632
7471
2173
6975
9205
7695
9222
11965
291
3858
209
8290
1484
3380
10340
2542
6957
9533
11012
2186
7438
598
11683
11915
9017
4439
8195
1079
6243
2110
428
3417
12179
1958
194
8779
6743
1286
10025
11934
8377
9634
5403
3046
1154
4235
11336
5885
3460
10708
11428
7980
9236
628
1166
6996
10121
10709
2095
1143
11902
7350
8612
1519
6216
4319
9575
3704
12228
9808
10179
3649
4256
7557
12135
10112
6219
11665
1679
9037
9005
9811
9065
10366
10243
2720
389
137
9756
7204
9885
7665
2281
869
465
5797
9035
429
3127
248
8715
1837
11958
6447
2865
5806
11069
8321
3475
7654
10169
7744
5561
10634
3856
4453
11290
1621
1557
4478
725
8861
10846
9630
10214
1772
11341
10738
2501
770
4405
3737
11805
1258
3151
10529
3032
4258
8100
1481
3425
641
5715
1934
11961
1145
8164
5200
5980
4309
8968
7448
129
4403
12288
3069
6603
6835
10270
8894
9029
10467
2693
4446
1816
12000
5624
9793
7565
10880
11310
8019
5611
2364
4661
11248
8209
4314
6915
1520
3736
11567
8785
7934
280
10296
3221
9469
68
8406
10206
167
10640
7433
11293
2102
3958
3806
6274
9821
2163
2004
7967
4439
3802
3226
691
8885
9202
5428
9471
8817
9912
6143
5920
9142
11391
6086
10181
4189
9163
5158
405
5036
3281
11394
11183
6284
6996
10694
3696
10137
10813
9388
11081
10038
11090
2479
1049
11709
7687
11062
844
3096
11543
11899
8667
5756
3171
10887
6640
6500
3656
165
1981
1855
2039
6869
935
5475
7713
1202
10278
802
1376
5843
12074
4468
1054
5210
12309
8934
5937
11725
5487
6393
3739
7558
12034
4027
5913
4209
10986
231
2997
5194
5183
10237
1758
9578
3605
7608
8471
3121
7377
10182
4493
10072
2321
2767
1793
4614
8310
2667
8388
5598
9867
6545
10064
7362
6066
6156
2226
635
6710
5519
1702
6607
11156
2588
11667
1306
9524
6223
11135
2836
900
1940
11439
5926
6938
9444
4095
4120
5311
8003
7064
3532
1478
10630
9902
2329
5414
11398
792
8693
11985
515
5040
12229
4456
1229
9391
3561
12205
11774
778
400
4243
6647
4187
9974
8267
12233
9792
2591
12064
11504
237
11218
2087
6455
11463
10220
591
8993
994
1439
1458
9726
597
6941
12050
1882
5332
9139
1668
8552
3329
12040
5891
4556
3190
8194
858
3731
36
11919
2478
4635
12020
10953
1212
5176
7434
10100
11574
7184
11489
135
5291
1420
8419
4747
2802
4815
4572
622
1501
4610
5713
9711
1989
3479
121
1790
11242
1822
2873
2811
4457
5160
6562
4513
1620
4310
7853
4984
4883
3992
2684
5300
5386
7720
8822
736
3915
7794
2923
8780
7273
10485
5982
8079
11079
5404
399
5036
11826
3064
319
2210
8489
4317
3877
9408
1415
4351
1841
8607
7223
6432
10545
7665
11683
10744
7681
153
11313
5458
6107
11016
740
11819
3529
5652
6002
11946
6759
10444
5238
8603
9833
3516
6207
4238
10204
10464
11585
10342
9583
2614
9900
10856
6027
652
192
1700
219
10104
2358
6220
168
11502
527
6907
7506
5280
5787
4604
7829
7558
304
10225
10954
3075
7395
11834
11025
4431
6962
974
3927
6907
1740
6018
5082
1172
6755
6721
5226
2595
11268
5526
3920
7566
8724
4286
6838
5899
11992
9717
6168
6098
10682
10091
11443
9258
4615
8649
146
8748
4724
11750
5828
12145
7957
5683
8489
4907
11306
2057
3445
1022
1760
4845
699
6185
4856
10499
2511
12268
11593
3122
7607
2311
6515
9107
3336
12008
5176
4143
7916
3202
2573
9673
2845
6702
4962
4846
6618
1778
9229
1685
7769
2548
2400
8534
2899
11077
7572
3271
6422
427
327
7091
8024
1205
2666
767
2092
7886
5413
2538
7148
5387
10945
3654
7630
4408
8297
2877
5863
6301
11156
11292
7939
1384
8487
10715
9957
3061
10868
9137
11121
5920
2365
5462
8816
10180
7561
5559
6690
7437
6936
1217
9373
1487
3102
443
11054
6600
1966
6352
2227
3175
11516
5160
2645
293
8020
567
10568
1787
4242
2482
11839
7239
1149
1664
4423
11315
7367
2224
11788
5296
219
10628
6300
2362
11112
11458
3388
8689
9848
7494
923
9685
12131
7503
8407
11217
2068
6677
4286
11420
11312
1449
2243
3289
6193
2869
2412
7316
1268
7859
12063
6693
5666
3467
9956
3651
2134
1749
7928
10891
5683
6088
5664
439
1552
8696
5233
7083
7764
5660
8792
6373
6364
1124
5156
3170
6710
8762
3269
11576
10351
2311
9242
10345
4451
12317
7482
294
4657
3108
6657
6449
5689
5982
10261
8158
8460
7137
11822
11216
3165
8462
491
6667
3852
1995
1219
114
11146
8642
54
3963
2824
1082
10970
8226
10406
8445
