1114
1478
8335
12151
3285
9565
6829
8249
2579
8157
561
449
2340
12043
11529
12214
10792
11238
5089
6195
9902
4142
3500
7522
9262
5094
4146
1939
5181
2149
7478
2349
8770
6983
4374
6915
5285
4204
2675
1526
9875
3100
10388
4976
8017
9940
4014
11483
122
9331
5327
3515
3077
5653
4425
6901
8272
531
7159
604
5629
3526
1021
10264
9784
9706
450
29
7414
9719
9134
11851
1420
7586
2013
8851
8817
9750
1344
9101
12214
5822
2434
1372
10470
3554
5716
1447
3483
5970
7990
2776
6066
5137
5753
2490
10856
10867
1876
5647
10773
9696
6520
6582
8179
5385
5415
11415
317
9029
10532
6197
11083
3886
7782
7603
9824
7877
10411
8644
3594
1515
4336
9854
335
2404
8016
4740
11677
10629
12252
4809
1156
8523
10417
9730
8384
10479
9175
8891
981
12104
12224
2334
8796
8167
9569
2809
11866
10054
4135
11775
3122
3656
10786
8806
1998
4211
6731
2676
7845
11652
543
11309
12013
4489
2093
10765
8168
884
11138
580
1088
6182
3557
6192
6700
9887
11576
2150
11252
2782
4826
3818
960
11056
11333
620
7484
2930
9936
11408
10053
10574
7288
79
5652
5772
10344
3383
10733
11961
8542
8655
9537
9346
12154
9168
7853
8813
2186
3553
7780
5968
10197
41
7922
11302
7162
7707
8314
9904
6977
12205
10913
9001
1034
10106
6580
7917
2152
8734
8242
12324
7112
10198
7472
188
6350
10920
6999
3878
9328
5242
10962
11807
9977
2521
4978
2305
6070
10413
3564
12303
1176
1062
11788
12082
2318
8624
874
4696
5172
9221
865
3457
9475
5604
12119
2920
10428
4303
6224
2314
3127
2102
5897
7184
5955
5627
6120
1280
3097
4956
3194
7101
1950
12070
6432
1076
906
9909
9776
12323
11872
5718
1179
10546
8057
9078
7588
2251
8844
9438
10641
7637
889
11500
11466
7625
5073
4959
8835
6654
848
6323
243
11802
11820
9595
5597
4261
5818
7215
10066
7798
9359
3724
1511
7080
5995
2331
7062
373
8897
5439
381
3254
4632
3184
10240
1740
7986
7382
6502
8937
8696
5096
7950
7662
5276
5341
3627
2530
7859
3029
793
6199
5267
5815
354
10401
8664
11060
6290
6326
3503
3680
3224
5543
11839
7465
3892
6655
9839
7820
5850
7407
11111
11705
11055
7805
3444
6496
4360
2079
4720
12266
9551
6242
2309
764
3732
4466
531
2831
2117
9816
2826
3565
7751
3931
3035
7200
3066
8236
7061
3498
10419
4183
4457
2064
2515
8450
1632
9927
4192
5993
3144
6128
3871
9549
12260
2337
6262
5011
5529
9335
11717
7694
5878
6238
1478
9971
105
10539
6279
3796
3345
3496
12235
11141
11411
9186
11977
2969
8886
6979
6930
7961
76
2071
8082
1625
950
7515
11363
6956
11018
5150
3395
8887
10966
9899
10339
1471
11843
6585
9206
6842
6124
7335
11227
2837
10042
2247
976
11674
1121
2951
10980
5162
2941
11545
1842
2685
1104
7222
471
1523
4932
11562
6923
11572
2461
7007
739
4598
186
2710
9000
11140
9893
3561
5822
8209
4175
3702
11625
11807
5633
10132
7497
8938
7392
528
1943
9296
2404
3917
11969
10360
6307
11587
12008
5353
3933
9621
5156
9656
12290
7533
11475
2121
10577
11778
11273
1523
2408
3709
9195
2855
6089
480
5212
3735
1498
4109
529
9385
559
9094
3314
10200
12156
3980
77
7067
357
2910
8391
1521
9149
10949
5467
5958
3568
2545
2967
11478
11116
4330
3563
11932
7103
4353
2363
7905
4639
4140
6174
4816
2085
5620
10536
8178
10776
1411
7918
7660
3589
3709
7982
4034
1518
6084
10603
1832
6126
5338
7396
10528
4511
5660
12004
9786
11358
10869
3301
229
228
7149
11941
12097
5756
4267
7357
7001
7667
9630
3677
11236
4916
332
11611
5525
12164
2311
9700
4854
2061
2651
4861
8556
10964
8494
4570
10601
2520
12195
10405
6840
5063
11941
8082
2587
2510
5166
4152
9672
3949
4032
4228
702
3488
10815
958
3061
3276
2597
438
10785
376
2302
9501
5464
2533
7611
135
11187
4012
7107
10954
4497
4644
1448
5301
2483
6378
2600
11993
7159
11405
3983
5928
7587
8586
9388
3225
1547
3048
120
2547
1685
665
6983
5119
9495
9705
4421
5355
32
7094
1796
680
5434
6440
12289
6393
9900
5803
4805
12314
11291
2004
5575
7581
4035
2466
5580
5324
11964
3407
604
8285
1367
10747
1874
5786
4744
1629
1746
11892
6082
10734
8366
10004
5444
8835
3874
3615
2967
1697
1526
11044
5687
7999
9303
7262
6905
1513
1059
77
6598
7534
2184
6212
2747
2098
11982
11753
8744
10590
2452
10069
1526
8789
9867
1232
4934
7267
8387
3047
11911
11410
5811
12298
1161
2353
11293
2802
6535
396
2506
5560
371
8681
10525
6461
4577
66
11073
1592
10829
3289
4694
4021
4793
9936
11250
1195
1819
3156
3433
5249
1756
2819
11845
7425
11645
643
8686
2477
3196
11352
5660
8742
9440
4494
5455
3861
6146
2157
11415
3792
10093
2370
8389
7296
9688
8089
5672
79
10846
293
9826
4068
10167
9842
3017
1749
8648
11018
2770
7981
10340
11504
7869
2879
8242
11393
3897
6768
11923
11380
1951
10908
2533
10464
2103
5721
6807
2882
10516
7775
5033
503
4457
7334
3499
2762
5478
7986
5412
11626
4285
12152
7891
3663
6319
11624
11741
8663
588
4083
7880
11951
5567
7047
5725
5310
1364
5151
3925
216
9597
3393
4498
12154
9966
602
5997
7011
3242
1217
2845
10312
11428
4635
953
9502
9580
8338
1289
3227
8263
1497
11630
11690
3804
4040
4474
166
3184
3790
8870
3280
5971
11249
645
5379
7275
4024
96
8145
1396
3076
3084
11507
4868
5339
4210
10072
10832
11151
3550
5789
3846
1590
10654
4245
10337
113
11582
2111
494
6345
2531
10482
4587
2633
12227
6080
936
4889
10282
866
5891
9367
2274
3315
75
9895
11465
10213
4756
1982
9876
680
920
9765
62
10344
9759
11812
557
7428
11891
8636
6298
11914
6786
9792
8144
7546
6438
1286
10599
8024
6131
6346
11471
964
1696
6288
4809
5898
9135
8626
5696
9773
694
6240
3349
11697
5602
10067
2135
3853
7641
2168
7698
10026
3746
9961
4459
5670
1635
11375
3048
4149
1451
4283
8823
10666
8902
2249
4654
5946
3513
8304
10368
1274
11391
2098
4681
9463
8852
3585
11352
384
2643
5565
8321
1817
8598
7460
7326
11579
4006
1571
370
3310
5017
10524
4843
456
3533
33
4560
5357
3025
6292
633
10718
10326
8834
11969
3891
4792
7703
8714
7542
4765
10527
5812
4610
735
1925
9514
12213
6584
3575
6554
7440
2715
5355
10755
5517
7575
4151
6517
333
2400
905
378
4218
11107
3055
10298
5786
1791
12068
11989
9190
10201
4029
7113
2089
5408
6459
11670
10239
3364
5012
492
8564
3048
7630
8131
10543
11968
3673
11575
8502
5421
110
9951
9647
2975
7864
3112
2326
11533
10823
3322
4739
9029
6623
9291
2356
7930
2332
7934
6262
3178
6360
6946
9153
11340
4934
1475
7839
8962
3346
2306
6007
2125
1398
5839
2761
4774
2563
11138
5095
7103
12239
7956
5873
2550
5675
10583
4233
2824
1116
2298
9613
5403
7346
657
8937
8872
10887
10020
8450
7598
10580
11094
6275
9952
2100
8805
5184
6239
5107
4573
5591
3360
5749
4887
11250
4004
9118
9088
7516
1715
9853
11178
5161
8192
7301
384
4868
4112
1119
334
2278
49
3199
3916
6613
7257
10007
9350
8923
1709
7572
6742
10121
4405
4707
7471
6620
8370
2971
9134
10869
2993
5250
6453
3731
404
9382
4577
6241
5652
2458
1872
9081
10871
4705
7607
2080
6975
500
11010
4468
1774
3264
7226
9672
7739
3160
7695
7125
11887
5713
9286
11648
12293
10900
3402
7996
544
1718
9042
896
5505
4717
3876
9015
10703
993
8890
11802
11338
1293
11049
7567
866
10020
3072
11184
352
1667
5765
12115
7707
1046
1206
2210
4258
11043
1669
4460
17
4161
2383
2505
4721
6663
3163
7785
4955
11139
11161
9592
4469
8722
9404
2601
9199
2456
6800
3112
952
6713
2823
7461
4084
10554
2358
10834
5326
1229
223
8158
8430
8366
12054
10866
8489
11893
12087
6372
5968
11978
7669
2474
1686
10820
11094
4240
789
9722
6824
4238
1705
2888
5249
3486
5312
11564
4663
4367
9533
5306
5004
8540
6380
12020
8596
7431
12020
10751
2895
8747
3822
10074
1341
11016
1923
8071
3976
10661
8723
8961
112
4089
6876
3083
6915
811
3216
6571
5355
4106
4019
9925
10770
7602
633
4275
8285
11976
1787
715
5581
9607
2961
2706
12248
5367
7477
11509
10394
5174
7743
11441
9770
4264
8782
5107
7723
983
2618
5591
9849
2370
2519
1173
1006
7543
4792
5123
2245
4843
2926
6189
11992
6381
4914
1292
1574
11864
810
1456
2712
11700
4775
8955
6560
1434
10148
3069
7608
6400
10811
10130
8882
12242
9730
11482
2110
3140
8766
7273
11270
8746
198
636
946
7457
1452
6592
121
23
10195
2229
4198
5332
702
11986
12182
2834
1782
7813
2272
9303
8456
1129
10904
3716
6698
9413
10325
11530
8832
8666
9804
8281
1044
604
9124
8960
12258
6128
4152
10317
4752
10244
4754
11867
2770
6007
1389
8809
10319
8183
10107
4605
2273
3290
11707
7230
1844
412
1501
11799
5332
9227
11984
5349
5716
10213
5519
11129
6754
6289
11903
7300
11994
9188
11584
3859
306
5552
8413
8472
1058
11545
2094
6961
9104
8397
619
5186
4926
9972
3745
2049
11578
8306
3175
6833
11577
1416
6354
9247
6236
10095
5912
3861
9377
2941
8496
4332
594
8752
9330
1316
3985
10312
5025
2097
10989
8881
11869
29
4933
6844
1029
6145
8527
1262
2196
9564
5229
784
2387
8300
11271
7110
11128
10274
9808
2938
12082
8884
3712
5930
249
1938
8816
3045
5774
788
8452
7842
6506
11767
14
8120
593
7098
6942
9912
9240
10309
3293
11368
402
6888
4979
12299
6426
3620
1580
7905
184
9652
3311
11763
11930
1605
9499
6098
1024
9778
4259
11998
11497
8655
983
9401
12063
2615
8091
1352
7243
3866
10815
1921
6195
7346
9454
7743
4642
9793
8876
6452
1782
5183
9273
877
5252
42
2568
11563
5356
11227
2468
11289
6483
5061
6458
10756
11529
2811
1711
795
3093
3009
6453
10574
11675
10973
5371
7368
10724
8026
9182
3064
287
3899
4229
2809
11740
6069
5162
10528
10450
11089
2515
2799
12334
12077
956
4257
1827
4767
10311
703
9035
5999
8957
11110
2840
8099
12318
7200
11912
6196
8308
1376
2099
771
2361
4119
453
3685
11722
5662
10924
1115
2594
10501
7081
824
11024
10063
12264
8701
4259
8213
9997
5311
6769
2321
6079
2634
2313
1906
1205
1075
9357
2697
7138
825
4362
1043
8963
10809
10560
11181
5628
6427
6899
7181
4135
11958
11161
6355
5509
9956
11333
11620
11102
10967
8770
9884
860
7804
4399
10972
4999
7075
675
9826
9531
11665
2799
1444
356
6841
831
143
7023
5044
2635
5706
3747
6274
5920
4093
5381
2935
3974
6117
12210
1503
11404
9739
10054
10091
2208
4010
10354
4144
1396
10459
11024
3433
746
946
5843
9633
10481
4919
10846
3877
5449
5224
7991
3660
10476
8942
5176
36
6708
11966
6574
9811
2662
1369
10098
10150
746
12047
2570
6723
1851
8228
6011
4621
6406
7469
11729
1914
3494
1336
4203
10346
6566
5472
8091
2318
3525
7390
10476
10325
11275
6625
6321
134
3070
5746
6106
4420
10288
4962
3976
1764
8794
11823
10313
972
7826
8926
9242
7115
10663
11927
11538
1000
7025
8977
1069
5704
4712
7554
9955
11686
6837
4128
10600
1252
8770
6490
10744
11640
1959
10654
12140
5343
6330
7530
2673
7272
12160
4486
1405
2995
7531
6988
3023
10461
3005
1093
6600
7546
250
4741
4454
162
4077
5042
7585
8950
924
9708
5707
7568
1969
333
11558
7360
3314
12274
11952
8162
7152
4371
8763
5493
3158
405
4138
7843
2869
4688
1731
10845
2594
1683
4256
8083
10392
10439
8393
2543
36
1168
7657
5517
207
6041
10699
5596
12306
6002
11918
12245
8357
9298
4310
9423
198
5693
3465
7782
956
1910
10986
5640
1675
9599
6016
831
7116
4852
9747
7931
4251
9808
2138
11222
4519
1467
10743
12134
392
12302
8636
2742
10217
11350
11939
283
1806
6951
11606
8453
2124
10321
2200
10427
470
10833
1336
9363
2998
6771
4419
4146
6779
3696
10505
9933
1089
2633
12000
1677
9268
2628
12011
5300
1367
4832
6441
2424
3780
9401
1897
1227
9037
1772
146
2464
3862
4247
1339
11225
11791
7704
141
2713
11568
5907
5450
2821
5104
5620
3907
3355
305
7324
5578
12143
3734
3386
2078
9309
6362
429
8590
4501
1316
337
8720
3117
12093
6533
6135
3259
9817
6298
6231
6852
9976
4012
92
11732
11873
9046
6075
2825
7839
1212
4320
10339
546
11720
10755
9362
7764
11051
4904
5845
10738
3942
2783
4093
4219
2628
6141
5843
1014
8952
4335
5208
12097
10395
5043
3123
175
11861
8977
6555
5093
1637
8781
2895
1721
3577
9254
1840
5342
10969
9437
8393
2433
2515
3666
1811
5871
10389
2020
8737
2381
10189
3995
8740
11563
3278
5669
11723
729
12316
5902
5297
4263
3492
4190
7346
11201
5301
11660
9201
12020
3155
6315
7421
10138
7482
3918
1425
9086
4446
10956
8619
1115
1921
7573
8547
6804
12230
552
4555
3523
8311
7792
7332
10684
2897
3672
274
4363
468
7667
9274
3463
10248
7282
5577
5855
8465
2465
10088
791
170
4448
3734
5653
9033
8472
3682
9369
460
10776
6742
9996
3194
1201
7944
5492
2493
10183
840
5572
8168
3600
4692
7116
4740
11456
2706
5573
2716
1236
5174
321
10203
4918
162
6000
11379
9837
9147
9941
10405
6559
7195
8004
5148
585
1133
6723
967
680
3628
11816
3895
9730
6821
7730
5047
7585
4961
11322
1133
2119
17
8428
2756
6599
9071
9615
6360
7436
910
10794
2465
1454
8988
8392
3819
3169
4466
7601
7915
8532
1466
965
11234
6508
12318
6737
4616
9759
8156
3077
11759
2424
4203
8683
7574
5862
12200
5615
969
7086
5098
7461
7437
799
1745
10355
7916
4620
11889
627
1356
11948
8861
12180
7966
11576
746
6740
11873
3347
2126
111
8697
8674
7299
9835
7808
9602
1918
6680
126
8068
6424
11816
5959
9807
7816
9378
8529
9375
228
10113
1205
39
8939
10465
9314
1908
9442
4550
2255
7285
2646
3982
8311
209
2452
4763
9892
8115
8202
7617
10205
8728
3962
11
10210
1696
10267
5540
5561
6182
1928
1337
8145
6416
8584
3229
5799
11485
10051
10909
6792
724
978
2488
10209
8854
8729
10245
4441
437
7982
6451
1481
4139
771
6250
5919
8974
9345
8194
776
707
9613
5179
8744
2605
4733
8374
1020
9335
9773
5043
7679
5897
5522
10082
2819
4799
28
5326
6732
11693
1270
2871
4247
7406
7568
5965
6367
2977
11852
3632
10229
9500
8961
7587
9629
8060
7009
9491
12295
6011
4680
5491
9914
4655
3238
4226
246
11453
236
11881
9725
8777
6691
7338
5501
7985
5617
3382
4071
1314
5835
2712
286
3094
9190
5830
11612
8465
4681
9134
897
8159
8581
1005
7027
1359
11725
1166
10404
5330
1029
2526
806
2027
897
9540
825
10064
5881
10422
941
6253
6800
7405
9849
2321
8202
4897
204
9526
12176
799
9565
4000
11890
7918
8604
9714
304
6128
10421
1873
8893
4323
8524
5729
3455
3040
2014
584
1045
10949
335
4890
1027
3295
7487
12313
10719
2538
8694
4508
3185
141
4214
9939
6855
11605
7409
6789
10049
318
4640
384
8223
9763
9862
5437
3000
3472
4501
833
9592
851
335
6590
11598
5766
3175
4277
8248
11840
1121
9879
220
3379
5496
2781
3496
3712
6520
8157
4530
9373
5959
615
8892
4492
8621
2809
1681
2305
9992
10987
3234
4976
8513
7108
9651
11859
8877
1574
9906
5743
8107
7317
3394
1085
6335
6177
11000
5744
9713
2622
5581
5796
10523
7569
8107
11513
2887
5886
11987
10433
5381
856
5019
6583
1160
7989
7243
11826
502
11842
3682
7033
712
10243
7603
10467
1940
3429
9826
5408
7307
10561
2816
8900
864
10231
8864
11560
12149
1298
1856
12304
38
6600
7687
9936
6624
8507
6764
11796
9796
8394
5266
6825
7969
5339
12043
7177
3655
2048
9197
6951
6014
2538
6026
9572
7280
36
1041
4090
5521
10876
1686
3528
1384
8071
4492
586
3316
1371
9872
5372
4576
7731
10472
4858
1764
6928
1375
12084
2316
7227
8891
5575
6670
2911
7816
10684
8982
4161
9644
4800
10912
54
6183
1082
4769
11228
767
5272
6384
5504
11749
7181
10004
10808
679
705
5260
10692
9146
6693
1522
5953
3383
2463
6173
1159
2350
4525
1408
6547
12236
2782
3989
9992
9897
3704
2052
412
8495
11785
6766
6334
2326
6040
3034
6895
5673
2725
5682
3832
4032
12001
6410
4659
7730
2773
10822
11514
423
2365
9095
7890
3939
2015
9130
2517
909
12313
11513
2950
9278
10316
8305
1565
5720
1590
4172
3823
10661
3438
44
8918
485
206
4754
3106
2368
671
2966
1696
2557
7045
7964
6881
25
958
5546
5689
11316
5939
5508
2772
7911
9049
4682
1003
23
5715
7306
11436
9936
8653
6407
7146
8052
6201
3708
973
10056
222
8978
3806
1601
12314
5847
9306
9402
6766
1319
728
5580
2368
3728
8717
11652
10744
1516
7736
4754
8199
5603
324
5954
5842
8064
375
4069
10196
11636
11228
9190
5998
9448
11437
11776
1607
4918
8461
4576
6305
5721
604
10850
10429
7030
2885
10167
3434
2977
9087
2450
2398
9274
11977
7275
2470
7205
11485
7095
7781
3994
1103
772
11147
2901
375
592
1088
5598
7576
4990
3149
5787
8959
4400
6729
9423
7325
1801
4870
3692
11337
3234
9019
10928
4006
112
11372
8675
6958
1930
12282
11677
3512
3821
7378
10147
88
10873
11170
11956
11412
11194
10700
10485
5235
681
3259
5453
7879
5340
1145
3041
3116
2075
11773
8716
3065
10817
5183
12310
11702
7371
2645
1222
11443
4448
9306
1811
2384
6474
8503
10863
10821
9004
9704
1066
12279
12252
2639
1678
6911
3142
12107
1080
9114
8466
5755
9893
3042
3017
12163
11235
9626
2582
2143
3742
11764
11837
4092
16
7605
9705
8785
5527
3185
10696
9684
10735
5665
9642
7180
985
6920
9406
2600
4167
5087
8320
6735
105
10127
2159
7902
2603
8938
5042
6346
11712
11177
9700
1505
1657
77
9332
7150
930
502
1512
1718
4374
10602
11155
12212
11068
4894
10924
6567
5184
8555
10629
6004
7371
2808
4296
10489
1114
6781
3920
5231
706
11096
11460
4326
4935
8534
2629
11785
12264
2449
9950
7779
53
9520
5806
8481
24
11345
10758
9875
5873
1143
8676
1438
10817
11216
5387
11420
12090
5687
2350
9021
12085
8198
1388
10061
2783
6555
11537
4162
1609
2271
466
6580
8949
3041
11524
7215
11906
8500
7497
832
9557
894
295
10460
6869
5960
8491
2389
8011
2415
7195
316
8971
9133
4163
4243
8321
3084
7483
981
581
11918
3903
5352
6496
2587
3168
9015
7869
895
5178
7632
6604
427
6612
11095
5579
11757
163
441
9232
740
7781
9121
9390
11673
859
1588
304
9650
2511
3902
3222
4359
7912
9321
9056
8858
5050
7421
8388
5468
5329
9351
5033
3544
1352
699
12267
3029
7371
6719
7338
6833
3366
1680
7527
15
6542
12128
9904
155
1502
9747
29
2105
9230
8682
9667
3051
8857
4377
11125
4608
5672
7048
6955
9557
2623
7824
677
1748
8986
5927
2872
4522
1571
9660
12008
6311
3800
4018
9355
601
4277
1246
3396
9182
4104
181
633
849
3538
11325
12014
7675
4961
484
12172
10336
858
11553
905
6975
1520
4152
2131
2730
7004
2590
5608
2987
10713
7186
9648
4899
4584
2115
1167
5046
4425
9234
11470
1007
10784
3307
11861
11604
8470
6464
778
6652
9027
2308
9859
1054
3032
494
8395
4594
8350
3470
5430
6929
3722
3106
992
4762
7600
6892
10221
11869
8897
1667
854
10777
2547
6835
9042
4740
11754
3968
8497
2015
1897
5862
6642
8334
11266
8024
9260
5368
7535
535
4999
11296
9491
8995
9218
9332
10788
135
5264
6191
4554
7667
9802
10765
7193
10632
2082
11215
10102
5524
11030
1318
11087
7572
3156
5850
6866
67
1096
10434
8511
11579
1648
9265
2294
5315
951
6752
6441
4852
6559
9728
7231
597
5183
138
5612
5169
6870
9579
4599
5652
11901
2146
7576
992
11625
4329
7097
4578
1127
5541
4393
10346
721
8021
4238
3685
655
3682
8629
3760
5823
12201
6109
349
341
12297
11075
4872
8652
6255
12025
11476
1715
6408
7742
7610
4994
4811
1668
6385
695
5009
9612
5152
4170
2757
208
457
4585
4616
10093
1552
10170
7743
8596
8127
4662
7040
11670
919
3424
4076
9975
3650
9128
5949
4223
889
5902
2836
2591
9875
1400
653
5710
1086
3135
5800
3424
11801
9642
10943
6240
8693
12008
6490
4795
11630
862
11125
3717
2840
7966
11706
5761
1312
5235
4003
8518
3158
8399
4036
1518
11479
1941
316
5198
503
793
10044
9448
1480
3487
1459
4810
9253
2225
10586
10795
1521
9449
11869
10183
4021
4441
1400
4177
7286
7247
7445
2691
9564
10229
6536
4417
2800
436
10168
10361
353
350
8866
8054
557
8177
10904
3874
1581
4236
2745
3687
10712
11577
2873
11940
2143
2808
11361
12288
1589
4895
8685
4948
602
4137
7795
4079
1004
11330
5711
10751
10824
9928
11055
2011
9035
7118
11119
4560
7157
7713
1502
12297
7969
2801
6026
9325
10917
6090
5951
7302
1385
9580
9601
10803
8118
11329
11777
8440
11075
9214
3167
7555
11235
3427
4634
5130
2662
12317
3809
5470
4482
5400
11233
1574
3714
6822
4051
11031
813
3850
3615
7383
11254
11284
3733
5419
438
577
11173
3572
8998
476
5309
2924
979
6891
2443
10521
12296
5768
2356
2244
3648
7191
7830
7940
8080
9569
976
11856
10255
8189
2852
12102
8869
7043
6860
10998
10012
779
6996
9858
2126
7383
4972
9842
742
10379
1737
10046
8639
11617
3356
7920
9578
3495
7831
9052
2191
8098
2329
2878
12298
2988
9423
9146
9331
1744
9150
8517
2937
5729
6747
7939
11697
9651
1632
5772
628
3192
7532
4471
10843
2948
4872
3000
4991
85
6719
5696
5079
5217
2636
7522
4670
7247
3058
1968
1259
11723
9214
8776
5479
8126
3868
6891
8409
11132
10773
2087
3532
9578
10517
6600
3657
9560
1036
5054
10050
3596
6338
7064
5343
441
7602
1242
9434
5127
2567
10593
11951
7859
3929
12290
7713
8139
9856
853
5732
9641
245
1220
8394
4756
514
10423
7548
1804
5703
4523
5090
7276
7410
2782
1133
10598
10014
5897
68
5258
6239
1644
8718
5742
4456
5587
30
5562
9444
6509
3999
4123
4247
6408
6821
7068
2225
12142
399
1134
6246
12344
10110
3937
10746
5140
3636
359
1018
9208
12260
4129
11274
3866
10385
3611
11184
149
2625
9894
8308
3846
8301
10388
3468
1026
4981
6732
4736
8865
1354
5220
1102
1960
5145
6189
8600
845
3577
8900
3182
2842
6790
1501
1263
10731
7450
10622
5706
8652
3146
6843
9846
4670
9642
6610
11744
2385
6655
6864
12064
9661
3412
5333
2695
10413
8079
9607
12235
7520
6321
4828
8801
3215
2205
6322
7034
4339
5314
801
6481
11295
10449
6275
1234
8529
4325
7328
5090
8211
6387
11507
9316
5937
94
3138
11623
9328
8174
549
1559
4830
2480
1455
11224
11767
2959
8240
8247
3432
3468
7050
5729
8612
988
10924
5040
3152
8652
11478
11041
2420
11175
8823
6531
12038
9351
10796
6303
2707
5173
9878
4075
1736
86
2258
6320
7673
2655
4525
1799
11180
1482
10028
10562
1595
2820
10485
9287
3611
9585
8382
4010
1365
11221
9581
3773
9798
2507
5629
9312
757
2879
5751
5975
12233
2810
9863
3384
300
11307
4586
5876
1920
2332
8655
10874
6110
11225
6877
801
6547
307
5560
6143
1390
55
9215
3907
10542
3955
9214
10511
6447
5347
12172
5237
740
2514
9492
3354
12172
9901
6997
8948
8349
6866
7565
2431
1311
7034
10547
3626
4295
7125
3738
1220
5254
8952
5860
1673
7665
304
3929
11272
8251
9131
8750
7276
10384
4268
6761
10806
3889
8376
3160
2898
1119
10580
11217
11810
3715
1612
11529
7686
3650
10098
2508
11013
7386
9078
177
8084
6807
4080
1448
11213
783
3802
2630
9152
4863
4314
425
4781
8169
4052
3190
273
10333
7050
9025
4488
5773
2546
11131
7285
6471
12314
2912
11523
8983
12056
10943
5267
11493
4803
4754
8446
2450
8042
8261
9231
4317
6835
2777
10092
8334
8939
11205
7238
6276
9878
6316
7045
8710
5296
7550
6733
9415
12080
804
6020
7784
5094
11397
3668
6299
195
4657
9720
8924
3933
2498
5399
5667
11678
7006
11024
3363
5358
629
4322
11836
9362
10305
36
5248
8184
10043
1063
8869
978
807
31
1156
7294
10107
28
9421
4369
11616
11385
1152
1381
3407
6384
6129
4195
3233
6083
6079
7817
9588
9831
5537
10100
5841
9460
8600
3604
4887
2911
7376
2438
3383
9328
2252
6384
9904
5674
5320
9518
4627
2244
1324
1764
273
944
1695
11617
5718
8522
9904
9473
10593
9253
10407
6142
771
7309
9471
10925
8114
4958
8698
10593
3325
569
9904
10969
12243
7292
8
10991
11341
8476
10206
7787
1644
11061
9052
723
7780
10106
4124
4162
5082
7194
9449
6038
11023
5828
177
2724
8297
889
11888
324
10404
10241
10277
10728
1892
10012
1584
10921
1173
11963
4428
9798
8995
9895
7087
383
7818
1769
2145
4811
3344
1034
7440
11298
7716
8426
7861
11318
2455
6810
9526
7598
4186
7904
6666
12271
4573
306
995
4126
6348
9787
10175
3146
2990
5187
6257
5814
2213
540
10316
3414
7444
8703
12087
7374
7844
11824
6137
8015
8437
5040
2952
8724
601
11826
6652
6937
7480
1381
7155
11661
8263
2855
1935
3171
9492
7916
4015
6122
6305
2886
5542
5323
152
508
1017
6811
3204
311
11842
9562
9931
8639
3675
2859
468
10626
3523
5770
2826
1154
5048
34
8417
10392
3924
11498
2855
6258
38
6589
11898
4244
9329
2616
9557
8196
10973
149
5374
10936
4482
12341
1055
11967
5218
8056
49
11029
7828
9264
7496
931
2391
5724
8934
12106
4920
3985
2911
3978
2267
7769
12018
9523
8752
1719
5417
10759
4003
5220
5492
4624
9616
5969
959
9079
9208
6980
1013
11582
7946
10080
5394
4732
8453
390
5168
7599
1346
6447
2886
8395
9853
6843
3097
6844
11924
650
12294
8016
6820
5841
1734
2223
10935
11827
4352
2917
2879
1185
5521
531
2992
5288
8721
2017
11856
4770
11693
6974
7575
6850
1763
8710
8438
5158
5020
1677
2254
1485
11042
9218
4956
10068
5803
328
10415
10151
1135
5091
4184
4877
6867
6972
10612
9518
10212
6358
5143
7821
10793
2892
3984
9995
12208
9016
3367
7344
8542
7196
2169
3480
8737
2055
6006
1380
5674
11707
10272
5648
2175
5625
4744
6114
6142
2655
10967
7767
10950
416
10471
4408
7711
6444
9200
6585
3966
5458
1034
4744
6146
5444
5967
381
6693
1372
2301
3066
9615
6448
852
9541
1915
6680
11783
12117
8924
5194
9123
11048
1525
7414
1797
6445
12266
11921
3689
10718
10481
1877
982
9328
8481
10017
5936
7771
11319
6699
3902
4508
6952
11590
112
3504
1
4724
9757
6651
3926
7579
532
938
2925
11740
10182
1202
9775
1056
11390
5419
6991
7320
2835
7362
2450
3984
10698
11700
10792
2455
10888
7368
5567
365
5938
10516
8453
9156
8286
1013
3469
1174
920
6211
11735
10670
10630
10376
3311
2444
11522
5629
5761
1479
8805
11902
2801
1177
6197
5228
3411
11938
931
4207
11845
4813
6741
11818
9919
2690
264
5249
11980
3158
7119
9126
10712
8328
11077
3574
1892
2077
4921
8073
7843
7593
11030
11401
1999
6379
10515
2313
11123
9158
10648
8948
10474
2157
6817
8505
910
3780
9782
1929
10446
2808
2588
11315
1479
2481
496
11648
12270
8174
6134
3185
5831
656
7664
10782
1594
813
758
984
7920
1553
12174
1777
12277
10062
1376
2600
6617
11567
7197
5947
11726
801
12022
10430
6311
8467
2883
10532
7695
6638
8388
3029
3620
4184
621
2150
9596
3212
3992
419
3751
4420
10467
2769
9819
829
6876
6009
8903
306
9259
9439
6997
1216
3464
11915
306
2250
11877
5265
1863
9764
6939
5007
3579
84
4079
450
8590
340
5210
10691
3432
1054
4602
7410
7061
3298
6820
11990
2848
7218
9344
10235
2425
11160
8134
4429
3489
11694
7252
5129
4251
10767
7293
5408
2245
8054
6761
2420
3091
3150
6999
2482
9290
1628
7940
7811
10013
12032
6105
6158
3160
5689
9513
11154
5527
1253
11557
1761
683
6349
8331
3952
9743
3338
11740
1306
4949
6977
6373
5175
1651
10122
4665
9597
7076
4209
1028
2436
3652
2762
8969
12283
10172
227
9627
7935
12180
7031
9847
1178
4673
699
779
9
1913
6809
6620
11612
9099
461
3810
11268
616
5627
5802
2150
1957
11127
11110
4417
11156
12220
10246
4104
5423
10841
8030
6225
11034
8872
9091
5764
4328
4959
4389
11902
468
851
4111
9223
9910
1624
2479
11511
4211
4762
982
10952
7085
6714
9748
5553
6761
8916
152
12068
8424
7249
171
11340
10090
8564
3266
9749
3459
7327
7908
7424
2065
1900
5368
1100
11483
7883
4091
6482
9940
10466
2131
716
10666
11590
6153
5941
5850
4305
6731
10032
3204
7957
452
11067
4482
7836
5322
591
4217
4477
5334
10414
1294
7114
5844
11632
1783
11747
8874
4764
4937
213
9470
10666
1043
5541
3115
5626
3349
1796
506
9563
2940
5365
648
10643
5250
1199
4252
7977
475
1787
10016
9473
1657
1110
4505
3383
687
8644
9775
5513
2042
11525
2420
6585
10153
4535
11390
6850
5418
8778
9286
1933
2718
3544
10425
2550
9999
10050
355
3434
4985
6079
4072
10475
11115
562
9372
6240
1033
9379
9766
803
9581
9485
2592
2754
4785
12334
79
1980
5384
2471
3796
8265
5472
4460
12246
495
9868
950
702
12316
3966
444
47
9420
5437
2133
4263
11791
4600
12249
11288
7818
7016
4382
2047
7115
4277
11967
9873
6927
9599
7153
10766
2750
955
3476
11057
5377
8935
12342
8857
6533
6173
7848
2564
2602
5563
10274
764
1353
6470
8328
928
1219
8441
1070
1019
11301
1611
1797
6142
3002
1869
1424
3545
12084
6238
3170
7873
7914
6891
7782
2663
8964
7719
9172
4283
3873
349
2559
4845
5847
9086
7800
11338
7656
8827
3090
847
705
11834
3031
4632
819
9674
2753
1475
875
8819
8916
12082
2657
5128
5342
2910
3317
8699
446
10623
7839
1329
11922
10837
1672
7235
9531
11567
2029
8273
4367
6572
6253
2501
1081
11409
3463
696
8914
8515
1682
8638
3261
2333
8982
1462
4756
11232
6960
2404
12107
11257
1821
3897
1809
11309
8422
4865
1544
7249
2920
8926
3245
10805
909
6134
831
1890
313
2779
5938
10008
333
3265
12132
7252
9696
8623
5577
2895
3904
2869
1858
3355
1667
4298
3201
3948
11638
6
321
924
8971
7002
4803
4929
10696
9600
11560
5857
6564
9785
6119
5179
3122
401
11567
3909
5235
8480
8243
5012
10756
956
6174
2141
6883
9101
3650
7657
11270
11727
9907
9540
9511
2669
5977
5082
5219
7159
1492
3686
1462
6130
3720
8881
11621
1753
345
10875
10505
3760
1045
9587
7787
10632
10929
5124
3618
1730
3293
4758
10818
8576
809
11176
10765
12047
7804
2091
8709
431
10213
3320
5336
2936
4106
5824
206
1542
2723
5369
9325
9365
7265
9707
10347
11292
9773
7520
7932
6238
10882
3857
11572
7060
3384
4333
10032
7488
1981
7709
9935
1552
2500
1498
11282
4516
5131
335
4371
6108
2174
3622
5649
2206
748
9525
8228
3594
659
2716
11607
3712
9611
956
8217
3534
5842
7757
1648
1436
9230
4324
11542
7249
9125
9303
6611
4826
11397
6261
1887
6414
2756
5544
2381
3964
5786
2575
7644
8238
6472
6063
2447
6970
7241
11509
3950
7376
11922
4548
3616
681
8754
6479
11565
10991
9419
7492
258
312
6424
9282
10543
8006
3479
10515
5732
3457
9029
1448
3575
2588
3117
2338
713
3744
10504
9885
9383
10189
1938
8123
3116
4761
11553
3317
9749
904
5561
3523
1321
2729
1767
10830
8742
8552
4368
11094
11527
8076
6671
11125
8182
9427
10666
8256
1069
8776
220
11706
3424
3736
1980
10726
11584
1722
9662
1530
7770
8098
1260
356
8894
9111
651
10897
10945
8148
2080
8457
9587
6073
5798
6767
404
443
5220
441
10406
5918
9172
7195
7757
7977
3585
4422
7632
10846
8219
7091
10258
2473
3185
1378
5916
11577
7186
4381
7211
3209
11907
9612
71
2184
9699
1159
2530
1914
3337
8522
331
5145
1383
351
1978
5347
9223
11259
8578
8470
2967
6244
6347
10747
3344
4335
5198
2357
6167
8389
145
7811
8087
5460
2859
806
37
10830
1048
10585
7377
4923
8781
5437
575
1405
5917
6109
528
7427
1607
9730
7762
5221
5265
8917
3590
1041
6040
8442
3618
12038
3245
9929
1268
1516
11512
1808
8768
10571
136
4830
2811
5991
3971
10496
12225
7324
4758
1259
10135
9692
3881
6992
9169
1482
5900
11909
1702
11963
8670
1186
4073
1706
519
11611
10271
2315
5170
10936
7751
11674
12184
9744
7604
4367
61
8552
8942
4346
2167
3119
5162
4309
6631
3855
7060
10510
4889
4706
1237
3475
2370
8700
2378
2221
5439
6115
9492
5088
272
4305
1349
11114
8809
9929
7768
10759
78
370
8897
10082
4433
4863
6916
10685
7996
7772
4862
5792
9925
7474
5175
12133
4751
7610
4656
2335
8467
4433
191
2509
12074
3401
2647
6252
11745
482
12032
3519
4686
11149
1709
11375
1023
8366
10242
1676
1762
5771
11036
3932
10825
5831
4778
10499
5941
8096
11583
539
1371
913
4177
6714
4123
8601
11630
6751
11599
2102
8199
6997
12202
6345
3723
10132
5945
8688
2962
9034
1272
4917
2903
545
2719
8436
11133
7175
8339
7529
11791
6762
4390
8334
1868
3002
88
5471
9602
908
5303
11211
5096
2938
7580
1584
8681
4444
4560
344
10339
11761
6890
503
7153
12100
859
8114
5029
12180
1639
5119
5994
58
7218
6364
1492
7713
10712
3442
8451
8452
9581
6620
10074
10868
6837
11269
3992
9944
8797
8278
5415
11422
6836
7948
2687
4897
11265
7896
3569
11137
8369
8606
10211
6520
10912
2845
1230
12065
6024
7611
1200
11193
10419
5481
8177
2203
10725
2925
6875
1279
5453
4813
4173
11319
274
10422
8568
4411
12041
5631
1400
1998
6843
31
6470
6226
8647
5632
2767
6508
11292
7402
1958
828
3160
9299
10508
3846
7500
11551
9479
1419
9048
11129
5745
7657
8592
11076
4168
2170
5139
7174
4335
10231
10360
1139
5222
3438
8851
1812
11236
7447
1332
10497
8656
9025
9171
1372
10824
8665
8044
127
1052
4999
4939
2478
8483
9473
3145
303
8692
5626
513
10821
11658
12043
2638
2965
11872
3767
2841
2646
2637
7526
4634
12165
11824
8098
2917
11670
12009
7390
7320
740
1368
6119
843
6772
5062
3865
7051
2581
5933
879
528
6603
1582
2569
7624
10216
9417
11760
3377
5629
9929
8347
3363
1046
3728
10512
11333
720
3469
11889
5356
8213
2221
8326
4621
9051
12219
11022
8346
5164
550
7286
6331
6765
3666
12303
3212
4541
6039
3532
8703
3908
7286
1436
8962
11775
1828
4096
2638
11289
11581
6191
4286
11537
2743
421
11715
10817
5796
7656
6642
9397
5641
9256
8280
1508
11413
6408
9878
8447
12046
10084
119
2762
121
4130
10191
3853
8738
6348
8829
10646
5820
12001
2847
7375
8512
6521
6638
8521
1520
11809
10798
6563
7693
10634
11708
3436
12185
9526
1010
34
1693
10980
11371
2340
7495
9499
8552
3229
1318
3834
1268
5594
694
2228
1491
5378
10202
6710
9428
3098
7567
10014
11747
12147
2156
2272
5852
5959
11769
9048
10035
10252
1528
10303
4837
821
7590
372
5192
11909
7599
4672
2778
2913
11229
11230
10606
3570
9615
6005
10567
6941
1903
647
5791
2781
2861
7349
5496
8878
10127
6300
673
4956
308
9376
2205
3372
6956
4011
4637
10628
484
124
11386
11180
11699
1327
10452
11273
555
4607
3415
3652
9621
12252
2563
7175
1098
4990
4739
3791
4974
1012
4892
7360
1301
4449
3950
1794
7235
10540
10554
9620
1695
6087
9257
7945
1846
459
1654
7896
12272
8191
3183
7836
11727
2821
8354
10499
8204
2875
9836
4482
5426
2738
5644
7427
223
1095
8132
10377
3929
6101
9796
10797
3191
1004
8672
1174
11447
4246
3214
4974
12156
1888
9623
6450
8283
9489
7142
3234
3041
3316
2491
4631
2592
3773
6539
2612
10331
10527
339
3682
8585
1693
1370
3186
6072
11410
10691
7012
8503
4910
12306
6707
9611
4175
5637
5843
99
2849
3749
9951
6711
10744
6922
4172
3121
3701
4314
9000
10307
7586
9432
133
8116
4937
4516
1716
3572
4982
9699
3334
4677
3652
495
3193
11053
3357
7536
1583
985
10018
1937
4353
3960
9897
4830
9189
319
7104
81
3453
690
2596
1120
8006
11412
2364
3427
11339
10640
4280
9406
10172
6491
10900
7539
7126
7882
3186
12252
402
8759
1911
8631
9561
6636
9422
10960
2716
2225
6205
11110
485
10618
7497
7696
2261
2391
4898
889
625
6237
12182
4641
4810
9289
4998
3868
2562
4602
8944
2539
2649
9991
1681
256
8451
7225
1150
10636
7981
4283
3708
2494
4088
10273
1231
2482
11023
3236
12132
2542
4898
6151
3188
11645
2256
5578
2902
4121
11571
202
7694
2934
12162
5571
4265
4788
11372
9886
6288
11341
3318
8770
2231
991
4700
4347
9124
7273
1860
1802
1401
7453
9619
5140
10353
2437
8446
830
12057
8241
4546
2297
2168
3212
9144
1254
3511
4123
1303
597
3436
7785
411
7519
2902
7108
8423
510
8358
10076
6481
102
325
1241
679
5880
6151
11120
9366
5583
6855
2458
6312
1570
8894
6324
6520
10199
8194
7541
6376
1144
2064
3156
1041
8892
4749
11010
10156
7931
2468
7225
8530
9858
1803
7713
8315
4684
9459
11299
4712
3979
340
6868
5361
3664
12229
4872
7574
8831
9004
4384
11783
500
9816
5583
10598
5520
1598
6325
7798
9223
200
9928
11937
2302
11523
3409
5805
4440
4117
2816
10432
4390
11025
9721
8810
5505
9605
2686
3687
11253
8835
1071
9252
7083
7002
3197
2808
8835
2740
2674
3398
8987
11405
5879
9969
11740
3153
3125
8130
3352
10239
5392
3869
894
6496
1558
6962
4399
11299
8314
9155
5599
5833
8569
8657
12258
6083
10678
9628
11330
2750
5754
8348
9577
9010
2756
5717
8529
8540
10493
4932
1388
3782
5170
7444
8009
8059
9628
8148
10790
171
4506
9820
12104
6921
11921
8728
657
10073
1298
8897
3275
6805
7790
11862
1048
7128
1056
11211
3064
11509
6578
12329
10394
3697
5685
3492
5938
360
6787
11720
7029
11720
4936
6652
4915
3255
11546
6784
7880
6554
12039
3518
1432
6602
2313
4327
11977
150
9986
10197
10903
7028
2072
2072
5006
5890
1044
9842
8796
686
189
7608
1896
1288
488
8388
32
9678
8527
7426
5286
5915
5785
4181
4228
9290
4748
5180
4471
11623
10693
11667
12204
8589
6203
306
7
8970
10840
10559
303
4479
12115
782
10282
5089
6931
6974
3470
7547
9458
12052
2166
7275
10321
9269
6507
5347
11948
6699
11360
1624
5243
8151
6859
2946
4202
3062
7771
8120
8042
4732
3784
1631
4592
891
11181
7286
3872
7173
11622
942
3831
7326
6387
11464
8748
2587
1784
9959
7402
4864
7506
9522
4452
12083
4358
9705
5969
7350
512
6336
11924
9527
11490
10783
2707
4752
2990
5657
8275
11461
7290
7625
12166
2201
1041
11055
1602
6132
9867
10511
6629
12058
1088
1429
5192
6783
2099
4676
680
6422
4063
143
11554
1083
4843
7722
2602
9942
1450
5853
1538
3361
1573
5378
12119
1818
11282
5597
8731
2893
3771
8059
1493
4853
1142
6277
2823
5518
9876
4487
10793
5067
3908
1359
8123
5050
6146
8601
10100
12058
6912
9695
10848
6687
1215
10616
5878
9137
5174
942
2329
2145
11592
2648
7866
8111
1560
10602
1930
10696
6064
11111
2967
2580
10606
11132
2449
4697
2869
9883
8279
4199
1325
6485
6388
7088
5607
7618
11421
6132
2175
2383
1591
906
7596
11230
7255
12234
10659
835
3634
715
11910
10056
3136
1079
3741
2858
7529
7145
1818
2356
4517
7348
7670
5584
11699
8054
829
7542
7729
12098
9284
6713
9271
2508
2625
519
602
8735
11133
2027
376
1101
4753
4470
9253
6872
5345
11161
1641
8265
8080
9373
11442
10561
4909
8907
8042
8466
7350
6070
3530
1249
9997
1482
11119
5056
4118
4462
11425
9578
8954
4845
6180
2665
1911
3815
3775
7791
11692
11402
10574
3918
4752
623
6113
2409
2332
347
5716
9151
5180
10141
11303
8866
4169
9035
2044
803
2629
5678
3964
8843
11975
6098
4797
3127
10672
1895
11065
7798
4851
6162
605
2135
5585
4334
11110
6700
9292
8416
11633
11889
7583
3859
8675
3301
7241
7950
1420
1124
9620
9982
9566
2907
2232
7751
3879
10041
10667
9248
6945
4362
4269
7692
2883
1216
5790
1205
9224
1394
5996
297
2688
7899
574
3303
8600
9280
11462
4366
5893
3994
8150
11860
1922
8335
5125
1733
1723
10550
3039
9303
6128
4091
1618
8642
2357
2642
6788
1611
7590
8274
5395
3263
11599
7471
6296
9176
505
8722
10909
2223
10701
109
6720
11233
1393
4644
9468
7102
468
3012
5240
5603
2148
12163
8370
11051
8374
12105
9338
3630
5955
2294
4690
1774
6182
872
1635
4306
8377
6442
4004
9468
3393
7231
3856
6882
6107
5587
12280
10452
608
11997
1177
9330
10418
10632
3186
11115
940
12255
6882
1720
813
6172
2223
7246
7037
3767
5805
3117
7796
334
7973
7718
9857
10892
2277
8352
481
2415
7551
5228
10585
10328
4492
5763
10328
8955
6865
4158
3270
8522
12161
11336
1603
7475
7269
10754
7841
11377
3796
7670
9985
11339
735
4097
5157
10573
8213
4784
6742
7810
989
1318
9498
9673
5959
9868
6679
10343
8061
1442
11641
8939
6463
11907
11529
3101
9442
6465
4944
10314
1075
9002
4123
11539
10524
674
9645
8929
6920
11466
9994
2478
5087
7964
9492
5962
11810
10890
4644
11936
3881
5465
7826
2274
6076
2033
5278
1695
12238
629
2059
10602
4424
3287
4946
4461
661
5516
8989
10902
9074
5939
9533
10271
8305
1781
2528
3435
9896
8907
8134
1896
2698
8748
11515
3825
4474
5527
6807
2145
7495
4193
3634
7037
8086
3591
11159
4193
10339
7550
4439
3257
2125
8504
2947
2936
4648
1057
3304
8473
8431
6302
790
2675
12047
7863
11105
6760
7709
5884
1053
10440
1998
4982
2693
3003
6617
11754
10930
2702
2772
6080
4453
8222
7423
433
3013
8577
183
10545
11449
5443
5404
6938
11413
8917
10254
6068
2561
1120
226
10074
6755
4389
9342
3908
2881
8453
7044
3165
2618
11628
10926
6590
916
778
4574
8774
768
1728
572
11845
7814
1434
8371
4115
1207
8917
2255
9650
2558
11963
10571
3384
5065
8634
4358
5713
1115
1938
10201
5334
10022
6211
5803
6305
4506
7995
1441
9490
3365
6659
5201
11240
11812
10304
4967
1588
12129
11485
5911
7232
12048
11156
12282
9589
4915
2228
3963
6366
4782
9627
12203
10183
11622
8592
11883
2114
2924
9951
3437
3536
6453
11965
7701
7190
9213
12183
781
10354
580
12072
6426
6988
320
6317
3710
4785
10043
11244
4782
2368
9201
4850
8622
10121
8971
8336
5054
243
5451
7509
3637
7197
7831
295
6584
6806
3051
10624
2292
11116
281
307
3903
1789
12305
8715
7643
762
2496
9274
1339
9399
797
9266
7142
11367
9065
482
10805
11261
1887
3144
2319
8333
10303
8759
5726
3290
6223
11973
2953
9609
11365
3083
7475
1430
9963
5491
2269
11282
622
5439
3145
6951
9449
4685
5877
3198
3739
5782
3249
3794
4293
12137
7807
6886
1263
1850
3781
10410
4869
3627
2894
1889
7427
11732
8641
7614
5877
9042
9325
1341
4431
9044
2228
3742
4885
3475
10516
9536
2694
11973
1923
10068
291
5504
3990
5772
11072
5732
2342
4716
257
9337
7773
4964
12311
2955
3114
10163
8176
2112
9520
3614
11244
8233
7972
10084
11905
529
11478
4397
7126
6966
5771
4976
825
10608
1751
5625
359
9874
4489
1342
8771
4437
5179
6562
4910
10678
1042
9900
2283
3415
4928
2713
2984
4796
10527
5105
1929
3746
5890
4580
6652
1831
4627
5043
9682
338
10535
11651
4606
12253
10905
11055
10943
524
7280
7756
6955
8071
2161
6363
11372
7800
8454
3593
9751
6918
8370
1748
9036
10618
10271
5730
8905
9561
4903
11822
3888
8717
3888
10810
12074
1562
4236
3244
6733
11248
11441
585
11853
3799
2690
3007
3165
12051
6411
8110
8910
7182
7806
8213
10317
4782
3758
5021
3526
7622
7621
2349
8008
6882
507
9807
6582
6088
10065
10081
6484
3064
6260
10679
911
9822
4201
5443
4888
8331
12160
11393
5905
5607
6550
756
6376
962
10858
9351
5034
7604
10851
10586
10349
9003
9143
4232
12065
11525
1849
1734
380
1848
673
6458
3807
11086
11200
5797
2157
2227
3632
8290
5620
1741
1120
2114
7260
4073
6142
1401
4712
3206
1867
3717
6930
5958
1896
4309
8862
10359
5567
7504
7180
4619
1522
3820
6219
3578
2802
6990
4011
9745
7279
7289
2156
1108
3682
12179
171
11400
4654
10788
8411
4491
6886
6050
946
2668
8808
10816
9102
6250
2137
11872
6209
10785
3214
8855
3296
10625
3899
11283
5132
8018
7021
2299
7299
9380
11471
5877
10968
11509
2472
4120
7707
1998
1078
2255
10407
636
5625
2105
9821
8542
1672
3034
4349
621
8743
1903
11392
2870
4132
11359
3445
7441
5965
1290
4641
6711
485
6202
1111
11393
3890
1109
2774
12151
9126
5660
9411
3394
2909
11718
9926
460
8265
9716
10634
11067
10256
4400
254
690
4567
10577
7316
6621
2703
12112
4456
6069
8930
11417
5064
11309
10186
9239
8680
2121
4666
10291
694
11209
9081
11421
3322
10669
8478
3376
7564
4287
9807
178
8870
573
10245
3404
12068
6348
3276
5774
11888
1448
5844
9756
536
6144
5091
8152
1256
10252
8430
6044
6649
3814
12134
1959
11176
1569
10497
7718
1825
1397
6690
5474
3263
2489
2290
8680
2777
2302
5931
6227
8798
6432
4623
8430
487
10595
6947
9691
7907
4839
10644
7390
6442
8329
8779
4468
7116
6939
11752
2705
7855
11093
5922
2913
174
874
11080
4517
6810
9615
6028
293
569
4838
4781
9028
4932
5088
3628
3656
11036
5511
3224
3420
1801
7745
11721
3874
8527
10527
7677
2355
2892
904
5655
7997
10957
12054
4271
9467
8982
581
2278
11134
3191
6543
11778
5709
1352
6419
358
3225
2059
11021
8028
4328
358
1642
5264
9162
4368
7649
3356
9593
11354
4028
2904
5908
9774
9214
368
2570
6032
10017
941
4207
7859
3045
2866
6684
7230
11802
5334
4979
6723
10829
2216
3220
4905
6583
9522
49
9232
4211
7075
2757
10071
11348
5729
2476
3461
10918
11646
2711
10151
317
9001
2971
3300
10204
7018
5453
9892
1037
11484
4865
398
3774
6496
845
3094
11203
6201
9555
10327
7912
2394
4381
9747
6409
2004
1527
11407
3780
253
2022
3473
1403
6607
3217
4162
6864
2109
11681
7030
7114
8780
5672
2046
4604
12258
3875
434
3954
9340
566
8641
6260
7248
1101
8801
745
11882
2609
4626
6007
6161
2869
2094
4029
8299
7901
3474
10711
9762
4305
6246
4724
7526
708
12308
5051
2854
2508
7180
4238
4997
7752
6270
961
6459
4723
328
11485
7607
3016
11606
10959
1191
11168
9348
5557
178
4893
5596
9815
9589
8495
2175
1977
8957
10372
12128
3521
5270
2373
3622
6045
993
11390
10336
2645
11476
5312
2741
3298
9089
5030
10163
7699
4469
310
1698
8401
3925
4518
2253
26
11238
6288
7535
426
9356
11694
524
1323
5600
11080
8092
9261
4506
6005
1762
9351
8366
12205
4585
8972
4138
8081
11125
4000
6856
4251
10234
8329
10438
6997
6521
5019
2240
1419
1051
309
9006
1169
146
5449
7130
7489
11237
1625
5304
7608
10572
2094
199
8902
10259
5501
734
3978
4905
3568
186
5203
9761
6322
8922
4637
11903
4678
3258
7079
11868
6715
8113
5612
6046
7761
3315
11260
4180
11383
72
5667
6870
1094
4715
8231
9089
11489
3065
5757
807
7579
9484
6224
8578
6429
9738
1707
3681
9433
11819
3372
565
10413
6451
4773
10850
4579
6608
8861
255
5830
7547
8169
7311
5787
1426
9046
1929
7798
5320
2352
7148
2931
7430
6333
900
10355
7887
5981
11445
253
4068
11362
442
6645
6257
5493
9844
7850
9503
9519
10635
3801
7645
9210
6424
5687
4343
4157
7180
6124
5181
9647
1838
7559
5328
6383
9204
6870
8308
10767
11067
7899
7355
1713
12035
9404
7198
5088
4867
7144
12319
8019
1184
8251
9678
4498
5287
10139
12206
3045
9717
4686
9698
2934
10263
11840
4459
712
7903
6989
1337
832
6810
8116
5463
9168
6586
5955
2787
9205
1153
807
7192
9744
8104
3948
5033
11593
11060
10312
8132
1734
3511
455
2990
7820
10306
10934
12144
2023
1507
6932
5981
10875
8409
10000
389
7194
3720
5253
7016
11623
12158
8285
6619
10899
11562
9133
8400
8957
1242
3110
8900
10822
4679
1406
10752
2337
6411
11138
5978
6877
8454
5690
4104
10372
10141
1972
220
7508
5171
1229
6225
1006
7255
7332
1705
10629
1971
11320
2150
356
5549
3043
9527
10962
1596
6742
3476
810
5179
12214
8301
6069
12106
11400
8368
7117
3490
11208
12249
12184
11883
3140
3260
4344
10602
11839
3807
10051
5633
2571
6293
9741
9272
8435
5682
1722
10559
8325
7246
5681
1332
10624
3045
6506
7909
7776
4874
8506
9467
5832
11219
5124
5103
5133
2042
5358
8868
10342
7394
7587
74
4034
11379
1466
7086
6767
3450
2257
3597
3116
10206
4962
5551
5914
1573
8738
2549
10595
1691
3664
915
8296
8052
655
1323
4189
9659
7525
10824
8793
11604
6945
7770
1942
3463
2232
10958
3455
11364
5697
7426
12320
2880
9778
11437
10007
5584
8331
7674
4160
5342
1168
7454
8843
8667
7015
1355
9823
4259
6960
11723
9198
8896
216
8672
5494
11470
9753
12025
3353
4265
9825
2627
8598
1478
5951
6485
739
10391
5442
448
8030
10057
4033
1449
4419
7357
1100
8706
3756
10387
10468
6921
8170
1698
11626
3945
9518
3916
4035
293
8308
2731
3972
989
1286
5734
6707
9286
4935
8230
6858
3149
7528
7062
425
8183
5950
45
6785
4493
4934
122
6488
6576
10721
8012
9172
11754
8804
11559
2142
721
5857
6551
11003
2470
8845
3260
3917
2950
8622
9738
3069
11121
3538
7668
8404
2725
2105
7409
5000
1521
1610
4295
9421
9981
11074
2261
10198
4742
110
5960
11020
302
7491
3217
7954
10721
10496
11388
2449
8682
8433
904
8008
249
5465
11635
7292
5622
6381
1127
12262
982
7129
12111
10289
8509
4930
5230
4465
8452
7986
7828
5810
2619
9649
4316
6521
8304
8404
10363
2091
5175
8287
1089
9614
2169
4174
5201
3122
174
3584
9307
6151
4990
7461
7125
1127
7083
5438
2007
9779
1788
12194
655
1252
7624
1455
8457
866
5309
6557
777
870
2215
11959
10316
10590
2242
9399
5626
11770
11164
8513
4064
1572
1954
5262
4334
6947
6185
1029
5155
9991
6625
3708
2898
1896
7087
6966
6590
194
8135
6740
8421
4480
8454
6772
12102
1492
1537
11412
297
5809
1994
8190
9870
794
11301
519
4223
10122
5571
9720
10781
10405
4148
863
10005
3730
4714
6658
10821
9060
6294
936
5317
8084
2083
8433
9847
8845
5996
6471
6070
7944
4170
9944
2194
5383
8278
10541
4342
11112
8727
1212
11283
9063
9306
8908
3254
10081
8570
4523
1817
362
11315
3035
7751
5732
223
1402
10484
4343
778
5767
7319
6726
6644
11105
5393
6663
3349
4335
4059
971
5648
4694
4721
11370
5859
7782
3752
8655
10773
9296
4134
8212
3252
5715
895
5678
9566
7779
8852
3363
9436
3389
3245
5115
10127
5117
9098
9871
2700
12113
2276
7794
5742
1545
11834
7151
14
9563
10562
567
11092
2613
63
4328
191
4842
2366
5930
9037
5869
1548
9380
11317
10345
3074
299
3878
2691
3442
9664
4862
1397
1362
2741
25
6238
775
3392
11219
2696
880
6032
11950
1492
9116
11048
807
6907
8788
42
4883
8294
5017
5214
5858
11257
11276
3935
222
3324
2093
5660
2572
10464
3019
6952
608
4050
3981
3897
5539
8587
7650
4591
1608
11138
5344
7391
7579
9091
1564
5212
11645
10616
4701
395
5999
5454
4032
5310
373
11852
9161
2513
5936
9897
4703
4473
650
11062
10142
4069
4256
12280
6337
12150
5029
10684
12301
498
5950
5041
756
9173
5006
7777
3322
8245
8495
10598
2988
3129
2469
9228
3910
3814
4199
11279
666
10884
2429
3995
8441
7720
8433
6876
3274
3301
1954
5602
9351
10736
5452
9839
9555
4288
7553
4156
10445
4322
11141
12092
4800
4909
9667
4683
8311
3895
12267
2743
4389
3319
5743
6190
2580
5419
12292
9433
6198
11006
8942
10431
5066
3154
12090
8750
10030
2496
8901
4690
7020
6795
9379
11159
1957
11419
8180
11764
260
6297
6116
5053
5082
11855
11877
55
6390
3413
11035
2585
2369
12333
6408
9279
5911
668
1656
5219
9262
4167
1761
3117
8522
5206
6288
11664
1200
8933
11300
3828
1367
277
9646
1430
7291
1042
6589
2338
9917
4575
8926
5998
7559
718
2110
773
10209
5317
5959
11704
7649
9871
9688
10188
1833
961
5147
856
595
2591
10952
9274
1576
4524
1235
12256
4924
10111
11558
1874
7507
11714
8784
7619
5170
11800
1707
8105
1821
10984
1769
423
4912
7913
7525
10247
11056
5865
5507
2843
7234
7511
10751
10230
6147
9685
4576
5807
6663
1188
8713
8634
8360
2297
4566
3229
7764
1433
788
7378
6140
6868
6140
473
8687
7273
10220
11004
390
3207
4046
6824
7589
3767
4311
9177
2031
1122
5220
10950
8479
7089
11647
1945
7160
2423
5770
7948
3731
11276
1783
3051
4686
4695
5472
1065
4253
9614
11302
5835
7520
2347
8106
9290
9190
1111
12168
631
4252
3243
3042
5954
9046
3315
2877
11520
5242
7730
2517
2160
10858
4219
3299
2657
3745
9452
670
3945
11898
11531
5801
10919
9312
7839
1112
2222
10604
2331
425
11650
2655
3725
494
9260
8268
9844
5497
2424
7005
8107
11490
717
4837
12063
10472
3501
1477
5707
3510
2234
10518
10070
11310
2895
11674
3452
4274
8994
11366
5103
5475
7874
1001
10744
501
12291
8842
5605
192
6436
2994
7127
1856
7869
4740
2426
11756
8092
5680
1043
4805
3668
8432
4968
3833
1239
1515
5888
1251
252
272
1582
7813
4194
6151
11287
12071
11265
7612
3642
653
7967
10103
5289
5778
8357
11912
2521
2104
4656
3680
4330
3860
7791
9406
7344
11917
12312
11775
3604
7458
10619
1284
979
5929
3228
982
6737
11281
1659
10800
6686
5041
166
717
7224
4829
11086
721
714
5750
4932
5433
10265
4069
9545
9820
4209
2463
6685
5160
5204
9031
11926
8900
3660
5437
12147
4217
5949
7280
1131
11851
7349
10254
1236
71
4360
7355
5829
6473
11848
6767
3669
8404
3450
2069
2664
11323
7698
4892
1187
6753
4303
9382
6293
6169
4233
8613
8620
1501
2169
4430
6883
2324
6312
8051
735
630
3069
5453
6046
5920
4618
5514
1069
9592
6468
7262
12313
5726
4063
5472
2067
6293
723
3975
8363
6590
4714
1731
8417
7807
179
4219
6515
6779
10924
8735
11050
5850
3592
10003
1562
2872
10724
2215
159
11602
12035
3009
1585
6426
11726
8760
10200
10217
3753
10486
6496
10370
1642
7710
2413
9923
6129
5939
3053
6089
11940
3991
5821
4204
9605
1668
4376
5851
6478
3825
7879
10284
11022
5927
4759
2344
8402
8510
6313
11525
8146
2147
7108
2573
10449
4270
5104
2529
8356
9410
4215
7513
7701
7368
6573
2034
6572
6490
9320
3127
884
1053
11100
1452
6822
11143
1115
8456
1840
5085
5614
1803
7561
10747
9619
1081
2392
11822
8530
10851
4800
1976
4680
1041
10311
5011
9752
5018
10254
3873
2317
9309
4448
59
409
6202
1804
1770
6680
3946
3145
3223
6045
8326
11442
6199
8149
1812
5024
658
5365
1659
2399
7910
3159
3618
6849
12242
10093
9083
2144
8883
6935
1042
6936
2786
10850
3856
4309
10836
8454
11021
10409
4102
8071
7175
1259
7837
4571
1278
4465
11597
304
3738
4856
8833
2940
10463
300
10057
2683
1998
11262
8458
2203
11022
5188
7750
7244
1316
7733
4397
11130
5624
7066
5282
8845
9913
4120
12134
10587
12331
11213
9174
10213
5951
5907
966
1370
7086
6207
2284
11139
10756
5634
9858
2516
7
344
2177
6185
3338
8508
1240
1045
2325
10067
1281
10056
899
9137
1186
9647
5927
10308
9319
3877
11517
5171
2428
9032
6211
11945
8047
693
9029
7382
5099
8793
742
4591
3474
10560
8803
8500
10945
9938
11317
9678
7550
1939
5129
2869
10658
9132
6234
8338
5857
11828
3209
4810
880
11642
5383
8812
2756
6773
6188
11831
1419
1113
354
7796
4952
12116
8815
7283
5706
6352
280
10958
1158
4695
3887
9461
1591
5829
10503
10329
3635
6461
8695
4082
8190
4673
10374
5094
3907
3170
11233
6777
1248
6463
1902
897
4402
205
8304
9167
8582
7120
9108
7763
9346
354
8432
1169
7880
5669
6211
9882
8122
1601
3407
2556
8878
4571
3981
6837
3486
6886
9319
4274
11518
1272
9576
11055
6021
11061
9603
11277
6676
7670
6749
11527
3005
7072
199
889
12172
7927
10506
8983
1705
11949
2463
10064
4286
3241
1436
7808
1807
9321
853
7459
5643
2991
4705
8036
2573
7948
9651
42
4753
11783
2835
6568
11749
11051
4331
12042
42
10861
4070
10176
11914
5920
8805
3928
10866
10236
33
2878
12086
11175
10148
11414
4092
12318
3060
11050
4627
4319
8912
2457
2881
9631
871
1073
4734
6686
4702
8863
11016
11813
3367
4193
5855
3311
8590
1196
9917
7516
4831
9908
5274
4658
8845
5772
5695
5164
3534
11776
10509
3015
8882
11000
577
225
11185
8885
1903
8260
5301
11243
5661
1573
6137
1879
6013
8705
10801
9746
6267
3573
10971
1132
1632
6511
6088
34
10025
9809
791
10067
8157
9516
6473
5314
7541
7665
3506
8406
2838
9391
9659
8644
2136
5419
1891
11508
5448
8961
4665
1977
12336
1164
9870
10205
1324
3790
10069
1256
4785
2768
8536
9000
9421
7991
7342
2386
1162
3524
1437
7970
11281
9953
4498
2430
958
4134
5932
11010
7049
4294
1493
5105
6050
11158
3551
12273
8505
10395
5363
1411
558
9782
11321
11501
11843
12082
2233
12305
8056
5370
3730
879
9537
3438
7424
10528
6046
9979
7402
4904
11684
11021
3162
7344
3150
10688
9669
10737
2708
7800
5500
4226
3725
7165
1366
2814
5236
4769
11983
7000
11764
12333
7940
76
337
8902
708
12008
477
7135
12115
10902
9806
1974
9149
8211
6745
10169
3775
8492
1239
5364
3878
8804
1501
6762
8133
7149
4498
7658
11612
4088
5996
7077
3016
8355
5274
12171
343
11649
3679
6538
11742
7764
4497
10098
5931
8518
3194
5050
12079
6686
12118
10904
9082
11189
6465
8999
10084
12039
9772
6179
7011
9894
9826
10332
8547
9988
10425
10189
2025
4226
2926
2904
4408
7862
11484
12052
3428
1996
11916
12066
3171
4712
1815
5205
2891
6448
5260
3730
1472
6749
2018
7027
2711
2
3403
9631
5713
2313
822
6623
341
5879
8968
9125
6204
3894
11979
32
5118
11716
2008
2583
787
6892
6776
303
5243
10838
9142
18
7590
176
5245
6555
11150
12216
7612
879
10465
8869
658
886
6184
10236
5323
6991
6507
96
4136
93
3330
11717
8106
9687
2229
8533
5472
116
8988
4763
217
4267
7119
1489
1806
9205
11912
5815
655
11026
8409
9053
9027
11317
208
8455
11522
2027
3812
11397
6655
6741
6969
12341
7955
6416
380
3844
3331
10299
11402
7260
688
3269
9969
10274
10274
11573
10674
5010
3634
2189
2694
6622
7758
1841
2649
11252
9653
8466
9376
9561
3342
3691
2008
3947
5557
9621
7860
4269
1309
9342
9615
12034
4284
3560
5537
10645
12199
2306
8608
10067
9040
4121
7861
11903
4427
3619
2288
11404
3896
12058
5771
5131
4497
2140
6132
8938
11485
1510
4832
7774
994
3109
8871
12000
2837
6911
4033
8386
9283
2745
12252
436
4179
10680
2913
11183
8844
10731
10258
3613
881
3002
11545
1937
8032
11056
6088
6659
10079
8753
10345
6412
1964
9224
3193
5977
3792
9652
7815
3641
8484
11600
6384
4646
10339
2718
1452
7462
4167
8776
7207
3751
9440
3698
1674
1005
508
3474
11729
10686
8983
2785
4287
12234
4305
11321
943
10308
4941
8000
7037
10846
4571
5884
5086
3990
7015
555
5506
2193
2803
9231
3308
7665
10920
817
9231
9648
3223
11980
7938
6285
6809
3535
728
11050
6902
2940
3408
3266
9808
12031
1227
6827
6257
6372
3062
3888
10856
5141
11197
8154
7349
6519
9952
5773
394
5158
10918
4366
10075
1508
7390
9224
7479
4358
7888
1919
1713
1616
10278
4161
5225
7128
2157
10069
11861
1799
8999
7443
11808
5846
8508
12156
7283
9247
6516
4269
11816
5621
10014
7209
7501
7119
1537
971
4217
1972
8243
11049
6162
5179
2845
10830
10951
4119
4074
2089
4538
2472
6706
5020
8584
9904
6058
6947
6975
9338
11352
864
6704
5444
7261
10153
2973
11377
3255
8901
10219
7735
225
6242
8962
3280
8784
7616
11735
6901
5793
3969
5672
8349
10636
2508
5762
4824
12259
8940
12201
9454
1168
7000
2822
5113
6199
4805
446
7655
6054
7847
7107
9794
11023
7616
613
12223
3893
1040
6954
2485
6486
7696
7822
7096
8979
12
12131
5562
11128
9703
4607
1701
10082
8749
2189
11116
11544
1565
2372
11884
1106
10043
1101
9333
9811
9980
2707
10553
12173
11353
11111
11338
10636
6927
9563
4727
3972
3233
6319
9279
8078
30
2322
3253
5807
238
7093
4411
5595
2462
2387
982
9234
3587
3657
997
2972
5203
3768
6212
5489
9552
2241
23
5672
6359
4296
2650
5701
10991
5953
312
9320
10661
8385
1237
9396
3424
5767
5973
5143
1177
4221
10277
4582
6251
11899
5907
1877
8098
8175
1284
8262
10297
11671
10753
11513
6731
5709
9781
4647
11870
1821
12242
2837
6555
8633
9937
2658
10121
2696
5787
12122
1628
9420
302
4561
650
8072
3667
1644
9136
5765
4046
4572
7663
5065
8614
9691
5462
11686
7742
5995
2091
11079
1081
2758
7676
3062
2356
1198
12300
9069
10086
5594
10161
10459
7824
7411
9791
6702
4835
644
1564
854
4858
4075
3616
3917
7092
2597
7475
11215
4032
2822
5477
5323
11130
9232
1951
5883
10851
7896
6850
4135
12307
5963
1133
1018
11903
1134
2110
8661
1554
2434
6937
9940
11032
5927
10576
3649
4371
3053
1247
4162
9729
8229
3207
2890
6998
5988
808
11329
2337
2216
8207
11188
3687
3831
7404
11367
4109
2040
7105
6102
9609
12248
7548
8077
8162
7593
5584
2368
9579
1329
7457
7968
405
962
5306
2838
3259
7385
7849
5061
10008
8151
4744
10804
322
9006
1189
2573
3781
10199
11420
8910
9481
380
10571
1568
8967
3717
371
9595
5751
1791
3263
12320
11780
10401
4062
260
9439
6672
12320
6550
7912
5801
614
6771
5797
3677
5275
2020
7568
6489
6967
1078
1021
8608
9934
2787
66
8722
606
1310
3078
6994
11950
4673
2036
7791
433
11905
4228
4424
3982
8595
11347
11179
9850
9342
1594
5197
6933
11688
3266
3380
7513
8514
166
1318
8321
11051
10804
8079
11515
2431
4870
11476
12135
11472
7217
3528
8989
4302
11433
3428
440
9870
7213
660
456
10010
6728
6877
611
9257
1513
3665
7431
10364
10308
760
11656
6708
8770
3
11396
2699
1051
11409
337
8847
9355
767
2878
3221
1645
6507
279
2480
7218
5477
3798
6915
9644
3707
8981
243
11855
3411
2018
5144
6595
2244
8965
665
3438
3892
39
2135
4161
9125
2903
4521
9476
1278
650
2333
3918
5484
4049
4195
6153
11334
1493
6599
1400
8649
10210
4621
8117
156
11025
5774
9509
8791
2305
10378
8562
1860
5871
10876
2476
1774
6052
3679
10509
2042
3851
7342
9300
3428
4084
11481
3430
6197
1269
1638
7398
4256
10762
5927
2488
3404
9947
11619
10215
10053
10064
12231
1125
6488
10354
8578
4662
5069
5972
7769
3689
4936
2068
280
3275
4036
2649
8540
1612
9899
8449
7860
6678
7970
11736
7325
6641
1676
2806
7849
4543
3456
11370
670
2469
1311
3937
2819
870
6463
1030
4855
5207
11139
11771
1210
10129
9611
4588
6432
2975
7166
1231
10752
8093
823
3967
9608
5969
272
9733
6361
7520
11134
9868
9580
5025
142
5813
11072
877
1763
11619
11586
11743
3251
2064
10571
9801
4180
10428
11599
7061
10588
4779
3940
7027
8225
4465
7605
5698
2206
4172
80
10391
7831
881
5862
10673
4174
1840
8022
7006
7737
8264
11481
3412
11597
6922
6239
11636
923
12195
1576
1634
3359
12131
11947
4430
9254
9820
6253
1553
2337
1924
1530
10940
7222
11736
297
12005
10878
765
6651
8029
7518
6323
8350
5246
9883
3360
11372
9791
10197
11199
10646
2640
1759
403
6836
4127
7558
7844
6381
12099
10058
8778
8139
7142
3482
3123
7292
265
8890
2949
3096
10134
3948
535
11605
3884
1175
96
7801
2784
6973
7502
12141
1489
573
10714
10157
1551
11172
3901
4158
1777
11793
10668
1415
6243
1406
9077
2189
6798
9863
12292
5200
2441
3233
5133
230
39
3450
1807
10131
6835
524
8182
5922
2238
10733
1399
5527
7150
770
6714
8604
8430
11089
10764
2997
2830
8672
5703
7876
1528
7760
1900
8756
11805
7082
4693
9135
9629
6081
6492
2695
11347
11796
7281
2298
1768
4934
12186
1984
10819
11039
10866
5725
3192
8863
5023
10084
10050
5559
3707
3645
5914
8970
5503
8426
6096
3927
6690
1190
8118
6092
5389
4402
459
7037
6743
3407
2324
10168
9597
4233
3548
11459
3322
11610
7757
2349
9980
6433
236
1286
10775
6731
8583
8559
5312
1174
9858
4961
8657
9087
5881
7650
1181
8774
12322
5042
5192
11158
918
6639
11926
9879
10308
9167
3686
10422
8222
7091
10653
10046
7306
8563
8232
2932
8345
8791
1685
1405
7088
2368
11317
6834
3253
9922
9033
1116
1001
2023
9692
1621
10408
8488
3380
9825
979
12262
4680
8879
4237
6258
10420
4912
2764
8489
10591
7555
11187
330
11169
1381
302
9405
2048
5883
7152
10378
6045
3578
2723
4521
2655
33
8407
11256
4684
11456
8235
2157
8780
314
1830
2046
7001
5360
7553
10354
752
3314
6862
547
3318
4719
2390
1154
11492
145
10982
1792
5336
12160
5981
10079
8635
5152
10628
10739
9758
7122
8170
10791
1751
8529
5068
10258
11865
7301
4687
6201
8797
4348
4213
10786
2919
6553
8756
4852
8221
4045
8929
10732
3445
9623
4344
3537
6531
4710
1490
2849
1950
2779
7871
12192
6837
682
5655
6002
1051
11048
5164
10424
2901
1731
2370
1412
7887
11181
6307
7309
8691
3326
10573
5274
7522
7509
10563
2677
1696
3871
147
2324
5999
3260
4360
5320
7771
936
1029
6919
9899
537
1092
6823
6396
214
9028
11623
7680
6930
1159
6933
9379
5252
5964
11043
2886
67
9655
1702
9029
6165
323
11409
182
2990
8001
157
2505
10727
10396
2082
6502
5028
6502
11728
5442
7362
4104
9317
11722
2519
11240
10570
1938
2226
5083
4734
6365
5499
4539
2130
7969
9907
11704
10211
6321
1067
11681
7759
8332
676
8843
6419
7828
8582
10752
7198
9115
3838
7666
5028
8688
11449
6727
9846
7711
2759
3768
11426
11652
10619
5185
12068
2486
4001
5136
9159
6111
11931
8943
1286
10043
7904
503
7701
6978
9053
10096
8635
1348
6854
5364
8479
9876
8657
898
740
573
11427
11327
1922
9908
11334
2043
2773
3928
3900
281
11009
4626
5493
939
3753
948
215
4131
10168
5595
3479
7582
9507
12121
4006
2138
8159
5085
10517
11562
315
1468
390
10627
6566
10985
6585
5758
7108
7074
5861
7356
1429
3037
9334
12109
2482
4310
2986
11255
2435
2720
10850
10692
10421
11740
11996
7154
3039
11073
1846
2579
119
7697
595
7727
3024
1630
10534
9770
8452
4015
4249
216
9276
7403
7402
5793
5101
5622
1088
1363
9353
9766
9269
9652
11367
8637
7538
5912
11451
6025
9236
8774
4963
10658
8877
10815
9916
11203
8704
4369
8197
6748
516
9119
7787
2750
9957
11746
9001
3596
2940
3726
2905
8556
3258
8874
8941
9446
5355
1510
5485
1790
906
11697
11885
3503
1366
6621
2421
9958
7446
11722
7496
10987
469
9932
2568
12251
762
11438
11104
6887
9046
7088
9534
3205
5110
9057
2938
7274
8703
9570
1371
5634
940
1957
3926
8497
4724
1233
9377
10778
10823
8689
7456
6403
4589
7776
9195
7074
8976
11263
258
342
6192
10546
726
6588
7409
10363
7233
5084
4711
8724
4147
2656
1159
2610
869
1877
10247
6190
2358
3120
5096
9917
12136
5327
1475
12014
5605
7473
2225
2636
10357
6171
11432
9399
12083
8851
6095
3964
11498
2027
7908
1046
7065
216
8342
1178
7675
6897
11371
2901
5080
4004
12071
10869
953
6439
9368
8157
1963
2475
7336
1724
7262
5680
276
2252
8278
4650
1657
9358
9943
9238
10280
6874
2592
3773
11837
45
4360
9950
7498
2967
10983
9281
11429
4716
3687
5111
4385
7322
8077
11773
11013
1783
8581
8808
7783
6129
6843
1741
10998
4135
1382
367
3870
3768
7256
5012
106
9342
3246
11370
3917
3934
6522
9389
6672
3781
1378
5786
10423
8326
4703
3602
11620
4105
4774
9269
2404
10289
1419
5408
8067
1768
10476
9023
11835
2017
6704
6837
12288
1583
181
3381
592
6733
1188
10154
4888
12086
7755
1625
11219
12309
2883
10192
2218
1768
625
396
3967
8596
7025
8923
7771
5665
12213
9994
7210
9582
9164
10921
10137
1766
10793
9338
4221
9318
4205
1316
8538
11291
7586
11915
11735
9913
3103
3279
8436
12001
9704
727
12143
10809
3878
8538
10934
7170
4535
8747
8762
7652
7456
11431
3668
10802
6732
7427
1643
2404
2990
650
7134
5650
10320
11641
7771
7959
10759
10566
2553
4937
9396
9808
4842
9314
9586
7202
8949
4441
5386
7135
1031
11789
3199
3185
702
5861
6368
9867
11897
10158
5390
11610
8801
645
4034
2409
4000
3309
4681
1768
5389
7947
2028
2291
1024
8019
9685
5074
4304
3562
373
2057
75
5738
6611
175
6594
7562
2042
6092
7213
3201
5753
4702
10005
86
12322
1595
584
417
11006
12083
7992
914
6901
9557
8956
6010
1022
6295
3358
6321
376
8127
1959
10216
6776
2945
4826
2565
2261
2530
11416
1178
10157
6723
1650
10607
8458
1468
7724
6423
9488
1727
10575
3296
9255
7912
2948
3839
1430
6544
1667
11943
9220
5020
2883
2157
9911
677
9310
10249
9535
6433
5189
4956
2090
6703
3615
7114
9394
3857
9754
8549
10736
7942
5389
4328
7312
11419
3478
11134
2576
6717
2271
7974
3218
1924
9972
313
7902
3579
2650
7613
4892
4724
271
10109
5705
9568
2346
3355
8348
8161
557
11595
1895
2368
1408
750
4240
5495
9099
5252
3731
703
4994
8645
7751
1647
6962
7317
11325
10197
7143
10613
9830
7164
5895
1001
5940
2780
3655
200
4666
5114
5555
2704
8565
1367
3149
12013
1592
5425
9866
5874
9544
7282
4711
5821
11436
1744
12123
4158
4240
2186
7551
1724
802
950
10359
8495
5724
8983
9744
3036
1039
4654
1844
4422
2954
1312
6604
7620
3583
3997
1384
7546
7145
6256
3325
4818
993
6419
3977
7135
3342
3809
10804
10075
6242
676
495
2268
8818
4717
670
4749
8760
2164
1595
4971
3030
3505
10708
5969
3120
1347
8792
10492
697
7602
2496
12321
6178
10197
2021
11418
1169
2065
8645
10976
61
3715
4420
10742
2903
5910
4039
2148
11492
5988
7886
4674
11215
6199
12041
12280
1230
4354
593
3942
8392
9342
11119
551
7551
2230
2537
9434
8676
11960
1012
11538
3061
7101
32
4733
2308
6739
1287
2333
4463
500
8198
7662
1596
8673
12243
7056
5065
9475
3261
2548
6478
2010
5339
1255
1420
7279
10183
9108
8718
8403
2418
4378
4814
396
933
5196
3541
2031
9631
9262
7698
10646
489
3459
7300
1433
7976
5362
52
10168
1971
9939
9236
7161
4223
1390
7687
7667
12110
4507
9237
3249
3284
10383
1395
10532
8102
4754
6794
2686
9770
1291
6866
9280
7208
7430
2451
5164
9802
5810
2913
6453
509
1164
2215
1987
4101
6361
7002
7018
6963
1382
7350
10828
11230
3342
10892
9733
9529
4709
9504
9814
11554
8853
9632
52
7953
2216
10575
557
3402
7181
11926
2702
624
3289
12088
7422
11666
7223
9513
680
7451
1104
3770
961
3591
7237
6903
7015
11762
11138
6296
4103
3109
7099
8440
11150
5380
5410
1924
10972
1087
2207
6327
10059
5454
8353
8258
6635
4160
9304
11689
9673
5723
6330
11371
2541
2599
5533
2983
5585
5810
7514
8220
8863
3730
10614
9074
1834
3412
7530
4902
5755
10632
10094
7654
12050
5915
3162
5296
9003
663
6376
5002
12139
10040
12239
9316
4111
389
9396
2530
227
7995
3856
9136
3616
6574
10966
6214
1489
10423
5885
9249
2942
8997
8964
4013
9589
1362
2116
977
11865
1915
8865
2828
10244
7908
6802
8443
4316
7366
3512
4034
8873
4140
6337
2422
10455
9255
11213
6071
3805
1273
9640
9243
3599
11868
3998
1879
10476
9218
1854
3371
2986
7378
2782
4243
11565
7199
3864
6495
7153
1928
4615
4036
11877
2549
11903
9389
3444
5495
8347
1332
3203
6250
5670
2327
290
11613
469
11374
5532
6605
6314
4970
3284
1735
2909
3896
5496
2352
1334
5895
1638
703
2932
3593
9408
9370
2726
10560
2784
446
10984
10420
9979
7208
9537
7819
2356
3239
10549
1414
6341
3416
5328
2835
1107
10823
11660
4360
7594
1250
2879
7113
8687
11806
11022
107
7378
10470
9051
11763
1876
7229
1467
2790
2792
4335
366
144
1679
852
3403
11929
11753
4015
4595
5305
1520
2876
4128
8981
193
10696
11606
2848
7664
6682
1876
9489
7550
1968
11744
9234
1221
785
7967
5995
8696
10390
5398
10304
11315
10185
4801
11675
1102
10790
6711
2164
4177
9823
7853
10862
9360
4980
6505
3861
1712
341
11940
646
255
9629
2465
7321
8192
393
3556
9882
9420
11372
6365
4260
1919
6794
1731
10074
7849
11922
11858
4275
624
11678
4560
9572
540
5043
5499
3908
7945
4878
10974
11276
5011
8085
6992
8916
5009
890
4179
6012
8360
9481
5754
5089
8779
6121
3217
1423
10409
8178
3742
6117
10597
6440
3513
4629
12127
7766
5805
12324
11782
5303
10556
5986
10786
4915
6938
11945
2869
6063
276
11866
5262
10983
3789
5083
7868
6606
702
1598
10650
5574
8447
6473
5814
9232
5259
7869
6482
7167
8068
5223
12290
12182
812
8468
1889
3038
6956
3624
11727
5641
898
3093
3975
9627
8338
4856
2369
9140
5584
3891
1169
12170
4875
9892
5051
6936
4022
1550
8605
4347
4572
9241
5950
6799
9371
697
10813
10864
2819
3448
6298
1911
7399
11523
5813
4201
2775
11365
1334
8675
10331
12172
9126
11280
862
9061
7666
4342
1100
1776
9905
4927
4330
6934
10591
9671
3025
3770
1742
10820
94
2714
9436
4629
177
8110
4959
6316
8148
2458
8801
8943
1711
2695
650
2683
1430
7524
8477
4293
10022
12257
7208
2400
4239
791
2719
4554
4726
2319
7768
6330
10247
8162
704
5334
3131
4883
8994
4763
1032
11508
12292
831
3391
8413
7123
1898
6577
6774
2409
9123
2505
2975
524
9679
8783
6478
11091
10149
10247
1871
3184
5994
1745
6483
5070
8520
8054
5004
9949
12156
9264
11392
1153
6572
655
9510
7265
9395
9484
171
9446
11120
2785
10587
2260
6343
2826
157
4430
11152
5218
9857
9764
5464
11288
2264
9284
2346
65
3548
7663
7115
11164
1814
5440
4686
11244
11344
2898
4563
5224
11643
5085
7473
9500
1641
5873
8145
473
3444
9459
2121
7894
1085
883
8794
5483
11343
5829
8408
623
12053
1996
8114
288
10578
996
3975
7977
10816
11677
3392
9742
5418
10063
715
6378
8846
8667
8500
2956
782
4044
8131
2432
7893
11753
4108
10925
9471
1373
1951
5925
6484
1352
11492
4293
10765
7898
9936
3006
6217
2403
4106
2587
3857
9363
2818
4332
7960
9541
2718
6097
3983
7131
9405
1980
9248
6606
260
10580
6043
6117
1759
6068
10754
5028
12093
7608
11447
2896
5458
11028
6259
7925
9532
193
2249
7965
9281
6556
335
5853
1320
12046
2071
2013
11372
6466
9426
8755
12154
3470
6430
1017
11796
8549
11243
5046
8342
10210
5405
523
8765
7993
11343
6751
11824
4209
5625
5449
6855
4008
8920
1575
11469
3485
8566
995
6346
6279
8741
11254
4096
12325
11945
6867
11562
738
3020
9386
6716
5047
10313
6407
12343
3314
359
6948
6019
5289
7174
3264
4514
5337
5158
11392
1844
9217
89
11816
4086
6586
11848
8640
8212
4455
7170
2909
11575
5594
6374
91
10989
174
793
9812
8967
2479
7509
4883
11027
1236
8935
9560
8471
7953
8239
6232
8107
5600
5284
5806
181
488
2174
7489
9388
12043
768
7586
12266
8623
8689
5532
9839
1886
10836
9543
640
8747
12119
11916
7325
395
8105
4332
4919
6375
10829
7842
6282
2111
7825
7181
3790
1309
1160
46
4242
6281
3941
8131
10335
6284
8574
9466
5300
4848
1491
7153
11050
8691
2741
6338
8706
4165
10791
9013
10276
265
9433
10867
6468
5467
2573
8423
9226
2553
3348
3084
10332
12169
7340
12088
9076
11366
1196
7098
6746
3823
8668
5661
6874
11661
11906
2645
8039
9308
1858
5292
2185
12231
2002
5276
6880
4552
4779
9617
2882
6848
5466
950
7472
5010
20
569
11956
1324
4139
10404
5105
7520
7843
7969
7423
8188
12336
7993
7018
2070
7118
11619
5458
207
11123
1269
5583
726
5755
1328
5722
9734
1279
1411
8463
6679
2383
9095
2164
8772
2605
1910
388
6995
9164
9559
11752
7345
3879
8112
6680
11610
9687
2229
5198
8156
6736
7076
10157
6053
11365
6189
507
3058
5193
316
541
7662
5366
5765
9486
89
9558
4565
9109
4725
5254
1100
10806
8232
10935
5869
4671
4281
8064
8224
6383
4319
10374
12067
1332
7526
4799
12173
5676
4453
2123
7201
3900
10928
10367
1418
2998
4815
7833
7996
4404
9899
7609
5875
6064
10884
5016
2860
9000
7221
8782
3292
6691
1156
7539
5987
11298
12108
8365
10775
8935
7675
12167
7906
588
10533
2944
845
4070
4955
1521
3828
32
9329
12263
5817
11287
138
3734
10005
9170
7542
9141
1833
1515
1810
4909
9859
1173
250
10660
9435
7637
11214
9966
8967
11512
7798
5048
9658
9313
7676
1194
4684
11013
11492
8517
10978
2211
999
1816
12135
3656
434
10772
3457
4493
11706
11419
874
2310
9271
10771
4941
4109
11499
3281
4198
780
2417
3839
11994
10736
3867
1299
5434
7521
10806
6174
11616
3486
8196
10826
2817
273
5062
7433
11593
3954
7153
11062
6587
348
7410
2268
4448
6882
8451
5777
1177
7880
6647
1051
4219
10677
2149
6008
8196
1144
3520
7097
10952
12106
1721
2150
9535
1997
9649
806
2217
462
5778
1694
9533
212
9874
3663
1133
10510
8022
7850
3791
3121
2716
9843
10792
7665
4811
9516
7914
949
4594
10085
470
9749
3738
1381
7425
11889
4644
11697
1915
7109
9681
9022
11970
9849
3231
9981
4505
9506
5381
340
2470
4088
6556
3551
6180
8090
3480
3624
11015
9498
10408
7315
6037
4908
2780
12244
11390
5117
3615
11647
4279
4970
11940
795
625
7054
685
5284
12311
6736
10597
7965
561
1774
10535
2093
9766
11290
8447
11012
12157
9291
12174
4590
2144
4143
8209
11850
10555
9672
5121
4434
1982
3446
10598
1556
9846
4211
8310
2435
6063
5503
10477
2792
11347
3444
7485
12190
2545
5616
330
2963
6181
6815
5253
1770
8758
439
12175
6526
3856
8533
2672
2611
11323
6047
8759
11323
10344
178
7212
7683
9134
3129
8907
9438
11135
11113
4844
3314
172
11635
3961
1128
4723
6333
1590
3707
6581
11302
4949
1661
10940
234
4061
6129
8935
3816
4505
1728
7785
9275
7472
2962
7637
8438
9006
10240
7623
8475
5798
11867
8157
10047
4534
1330
8302
9554
1705
9689
3877
10164
5669
10958
5019
11037
6725
12143
5931
3653
6105
21
1182
7406
3746
1165
1948
4317
6748
2291
116
1247
2412
9834
6784
5965
4666
10850
1052
7450
7185
5545
11636
3804
4335
10045
11878
2389
6482
11042
3517
2061
3515
450
8661
1841
11810
2022
1077
8944
6464
11412
2126
10578
657
3275
10392
11782
4138
168
12059
6788
10725
5838
314
2397
8803
6739
11579
1924
2833
1313
2804
7933
11388
10071
5216
9302
1108
12109
11898
4842
1599
5083
2038
4906
10523
3205
4716
6606
11921
1710
11323
11779
2333
1751
8286
6119
9363
9799
11977
6299
12283
3317
3334
1935
10160
7997
6133
5705
9157
1485
8253
6469
4533
12058
2354
7780
655
4452
11142
10763
5919
10145
8121
3741
7774
3478
7865
11350
4947
8885
7498
11981
2347
5145
4277
7002
7340
4866
5978
3945
4488
2383
9535
5498
8137
8983
5147
4825
73
6564
826
4941
2591
450
11524
4991
8756
6653
1742
2398
11470
10666
11988
2715
11372
2975
9184
11498
6397
7623
10703
7729
11858
8725
5845
10559
3072
329
8719
5488
3931
8488
958
4599
11523
10285
8125
2475
11774
6386
1462
2342
12210
5720
10693
369
1054
11221
3048
993
253
9404
12084
9538
10015
4675
10965
2054
12213
10991
525
2349
10843
5430
7854
5855
2491
1511
2971
4649
10703
577
4595
8150
9912
7097
10308
1577
9377
12022
6663
2865
2177
8184
12226
3599
8825
11239
6313
9639
11510
10114
9315
4798
9215
11696
2272
10431
9016
10023
9626
7155
651
9808
7750
9949
2590
10838
12025
2444
5218
4659
1006
8121
5349
1851
8761
9805
880
7640
8522
2499
1270
8983
6425
7998
9077
2818
101
2139
1702
10863
3998
9176
7306
6780
3786
1474
6006
8801
7885
4290
9178
309
10360
7638
4173
2166
4726
1206
2889
534
3302
4231
6226
7926
11264
10838
7051
3597
7754
11259
2823
9575
10323
9147
8082
9787
11356
10802
8338
1009
5576
3048
2475
8794
11061
11069
7013
1150
2029
1900
11071
3226
440
4998
3830
2308
11392
549
9516
12179
941
10522
10566
5810
11956
4594
8069
11660
11063
11155
12084
11617
11648
11900
4003
7706
8492
10168
7722
7546
6221
270
10317
3714
7644
8699
10907
4381
722
4313
1254
2674
1456
10090
4033
2204
11970
9044
3243
2536
6704
2280
2141
1100
12125
2674
5321
8289
2460
7681
1479
3203
2850
4777
11292
3546
10209
10729
10399
1109
5495
5946
11806
6506
9058
4974
10800
1578
5663
10667
3911
9418
3333
3613
9949
11643
3965
1448
9931
8099
5171
852
6322
5894
10366
9992
1320
336
9529
2126
473
1228
8989
9989
4893
1741
12000
8539
6197
9895
4465
10037
1150
4522
10623
8494
11413
4542
12247
3111
10567
9744
3651
1962
10854
11505
1647
9930
4976
12201
5700
6250
10678
9813
11798
4731
9833
7768
783
5839
6729
3187
10921
2812
7621
9580
2906
110
7624
8043
6213
10146
5185
463
3318
4291
7708
3819
2203
11229
2408
8818
7259
6049
1373
2131
3542
4580
1948
5279
5520
1178
7916
10314
11903
978
8886
10042
4305
6764
9585
933
5244
4289
4546
3438
2626
10155
9943
5613
9768
857
2887
8538
7209
12129
12330
3838
5241
3706
6964
7251
9226
5900
8679
9420
11794
12039
7108
685
6751
11490
5730
9590
6445
11382
6916
4235
12163
7204
1205
4035
10156
428
1797
10540
7698
5898
9094
10667
1945
12200
6267
7083
2843
1937
9253
4761
10522
9887
5249
4073
400
6431
6607
6716
2723
9858
1393
7170
7997
776
7095
881
1047
3462
12106
7314
4993
10831
8875
7425
732
680
1940
7195
1925
12062
6064
140
11706
11748
1790
8436
3426
6000
103
11193
3020
3312
3253
10183
9890
6524
2914
6669
5571
5935
10306
803
4061
11624
9973
9175
10330
7146
8946
4495
10710
11487
1016
2088
9859
8531
8501
1154
7723
4097
712
10783
2352
1273
3636
1379
654
10202
139
9682
4912
5860
9044
7158
3319
6789
11708
10203
10655
7648
6038
937
1086
9344
10238
8886
10865
9745
3977
11247
6192
8593
11484
5204
1587
7072
3813
10539
10929
7307
6654
12257
2850
894
1528
10105
8637
5754
8226
10550
9782
4589
2519
2323
7578
9222
9651
11002
3322
10559
4703
4095
1181
2637
5955
44
1376
6342
1166
5615
8073
7399
2746
803
12156
850
1252
12310
8342
7749
10747
62
8266
8291
8690
7300
188
10498
10818
7701
4047
7523
2091
3496
8781
12121
2961
8908
11269
11646
3682
4689
5842
3999
2517
5955
6781
7210
8867
5713
1822
2096
6306
10475
7174
11500
489
9977
12218
1957
1692
4395
4377
2349
5397
1762
11864
10724
5226
2897
160
486
4995
2897
5705
7582
11807
6531
1563
5725
1683
3150
8502
3180
1689
7922
3890
4265
8238
11430
11744
6071
5292
11663
6154
7451
9844
11076
11948
7327
7520
2657
2675
10695
11165
5865
8336
1455
300
6183
12332
10383
5567
603
12290
10894
11663
7273
1273
1474
10543
7107
3383
7633
801
5303
5051
2523
1871
9440
2276
11558
880
4936
1432
2240
4782
11418
4868
3423
4353
7423
10923
7906
6012
413
7016
12103
6808
3226
6737
4974
7684
7801
6673
9606
8452
5503
5039
7496
10208
4918
8002
9215
3352
6188
1259
4398
7352
7867
6257
10476
6615
353
115
8987
5818
5995
11885
6357
9169
1939
4815
3038
9463
532
2333
4705
6145
3443
1361
730
8907
6128
1392
9839
3210
9178
6240
9629
3144
1326
7928
6228
8104
6425
10762
1860
5177
279
7381
10536
8195
8364
749
7377
9307
6850
10529
2947
3513
3515
991
4002
5499
11236
5430
8558
2779
11657
3888
4344
8975
9545
9843
8347
519
10279
5145
8329
5273
80
556
1682
3667
6890
8678
8335
7172
10159
2921
6326
261
12067
2436
12052
5121
4017
3341
4917
8932
6253
8777
4149
6489
1874
5710
6250
1216
1649
1968
536
1321
8451
3392
5596
4016
10927
419
36
2489
2323
6744
7717
32
2113
4184
9179
5966
913
3351
194
3566
2639
12054
5579
1694
9940
10301
6858
7456
8312
9140
10137
3666
2082
4764
2648
3504
1377
8378
3780
11231
7216
319
2154
7644
1260
2157
11722
12156
398
1771
12172
9244
2011
8757
10033
5190
4267
7988
622
3106
3522
7875
9307
3569
11715
7116
7567
11060
5301
7050
12231
808
4530
585
10344
4270
10628
1674
417
10903
5192
11388
3504
11018
9375
8244
11436
10890
7177
11654
5599
2751
2683
7680
10635
5122
9047
9859
6641
11424
709
7545
4119
12054
9348
9454
3089
5092
2927
8550
12287
3089
5344
4392
3197
4109
1301
8170
9551
11865
5507
8277
774
3300
5973
6994
5130
11013
3755
12292
6834
11475
2782
4088
11324
2899
5768
10733
1268
4967
2280
3334
3583
1659
3472
3501
5885
9564
11910
598
7850
11844
1190
8893
11498
11825
1433
35
3811
2503
12253
2428
1214
10031
568
1941
10607
10374
8435
1872
6176
6915
8305
7155
5914
871
3697
4036
6016
8724
9984
10071
7031
107
5581
9909
6577
10471
5178
9918
1324
4414
4503
8379
9254
3459
6693
4217
2837
6792
12325
11034
6653
3849
8292
12233
10054
10748
12043
10683
666
8307
95
6515
1435
11286
3033
9076
3219
2584
578
11012
12117
3990
826
533
5244
820
4446
3555
3271
7217
11546
513
7413
4729
9636
1517
6791
1347
6536
10300
6980
10495
1272
3886
7810
70
3171
4752
6170
1902
5845
9158
6790
4840
10638
4435
2332
10617
7874
9582
9813
6218
1974
3740
5388
12158
2371
8290
9388
11338
5185
9002
5553
10675
1762
2972
10898
11375
2843
11405
8016
5572
8184
8639
4914
9157
1250
2049
329
8882
567
4342
11776
5431
10213
5479
10938
7359
7538
8
6674
5219
11579
3500
8851
11294
8568
9167
9091
10581
9941
878
7068
1282
5193
11084
2795
10893
1011
1026
1357
8304
5451
10748
7657
9363
6949
221
2593
2675
2759
6312
9538
297
1971
6849
9716
2662
11004
1990
7948
9587
10744
7704
2469
2284
9082
8018
1986
9964
8162
9806
7734
10279
3266
1910
7348
4081
4622
9977
6380
899
10891
5006
6535
6860
9687
8112
2354
7544
7659
1103
5509
725
4803
5694
10062
8248
3319
6037
5706
6721
2660
866
7640
2290
3575
7406
3839
9242
2119
5859
9928
3082
4161
7024
6208
3546
7304
2636
6509
7995
6273
1507
9052
4489
8385
7467
9615
9529
6729
