1208
611
105
7
1227
55
314
724
1020
798
238
21
595
821
517
464
1044
428
914
911
247
699
388
1009
1141
1185
289
312
980
563
399
761
515
8
821
730
1103
1218
250
580
619
655
610
946
620
1080
972
554
219
536
264
598
1044
475
941
277
1005
696
1173
197
1115
1164
1144
312
355
706
1176
293
687
5
39
262
430
826
644
671
809
24
507
384
810
178
957
811
67
536
273
259
319
247
1044
933
646
1210
970
277
666
614
720
632
844
921
224
135
832
903
252
554
343
474
167
725
909
917
787
36
861
178
415
1076
896
198
795
380
1094
1025
767
1213
619
1156
1156
608
1150
879
4
339
1164
1108
1182
1008
617
1220
791
87
278
18
989
570
354
27
812
1229
1179
315
896
553
202
966
548
175
251
411
151
889
427
337
867
208
1162
612
323
89
50
632
168
795
303
933
72
59
551
407
706
891
978
899
931
791
79
820
843
560
10
136
90
131
633
660
402
273
863
517
1015
602
200
737
1008
117
648
1226
982
951
731
1055
358
1097
352
263
1133
1050
934
818
494
933
1142
277
1147
968
658
1085
1091
156
361
757
864
379
1056
84
803
445
611
1028
482
38
327
766
763
435
65
1039
974
1107
336
290
888
293
730
86
480
1224
1093
216
1181
59
280
349
1040
1204
221
868
163
48
290
592
1143
300
852
1070
105
1040
274
241
65
435
1043
662
1014
64
254
947
1099
549
744
735
639
263
999
288
685
989
5
1223
1093
642
192
1060
304
583
1195
647
113
1030
75
502
50
918
488
599
780
951
962
1121
570
827
836
645
107
1219
214
470
716
1026
365
923
71
459
657
664
637
427
940
621
528
156
631
258
187
82
1164
1194
139
1126
520
75
1216
312
64
107
522
954
476
1211
1032
1085
1107
293
693
1102
1163
830
572
986
120
334
1031
402
1079
929
851
1153
509
840
352
632
594
1197
792
298
364
517
165
1159
388
422
145
270
1095
1208
480
132
690
219
745
1015
436
694
995
311
283
372
384
403
1174
143
156
263
690
561
746
368
635
1133
323
39
1025
909
719
315
1191
412
741
915
554
1056
271
1196
705
1094
780
949
879
1164
468
300
317
351
886
924
672
891
910
1110
367
580
50
355
848
552
856
170
789
287
767
671
770
847
736
946
152
1103
1188
227
670
1023
327
160
53
1053
710
746
429
804
540
1125
1096
199
593
313
225
752
990
179
1228
278
529
305
464
162
276
1217
314
491
764
91
1120
439
352
1069
548
1228
584
76
229
493
258
175
410
832
589
495
1095
602
784
948
344
1046
1067
39
442
620
604
629
193
1142
663
714
721
582
39
735
690
160
131
952
504
854
597
321
793
986
452
112
490
130
272
573
956
513
447
667
286
1160
762
237
238
1204
294
837
193
837
1016
1163
896
255
1072
1010
1060
240
1103
1079
594
336
805
818
86
334
30
346
955
382
774
278
70
288
934
475
32
615
107
377
422
1001
1100
551
174
1170
148
283
519
119
646
314
313
448
25
749
769
205
735
96
1038
1178
473
198
1073
1168
933
1129
523
333
1195
853
1088
344
381
448
256
1120
1132
1180
890
47
407
1149
409
415
254
1232
166
415
733
177
336
29
517
1096
49
1162
879
113
427
1087
603
586
493
48
1191
1082
43
393
76
579
163
321
1010
262
1061
41
7
943
935
709
661
76
671
539
737
1160
956
377
174
982
1203
270
1059
57
82
260
308
626
162
1152
1001
70
20
583
551
512
776
42
1173
655
907
1081
321
302
324
1145
925
690
634
244
661
869
389
482
370
680
637
1165
1217
556
871
584
714
418
395
12
211
96
433
846
690
35
375
681
1175
1099
124
842
274
327
701
159
676
718
98
765
739
279
598
29
519
484
1186
643
559
1136
369
798
466
662
394
873
907
174
990
604
401
76
254
584
853
819
1104
966
823
1111
635
680
797
1059
836
472
17
346
1037
33
1046
499
564
937
936
824
538
371
335
337
637
619
787
1032
987
270
1112
418
187
765
972
1186
518
776
888
688
826
654
1039
883
591
653
866
499
77
1210
820
661
290
457
179
193
1198
1098
526
925
1115
589
700
189
64
743
650
683
42
116
759
1158
666
284
299
967
1131
878
819
489
445
374
968
936
991
870
1225
647
950
371
847
269
703
245
938
837
991
489
220
19
7
792
302
766
1025
247
763
275
221
838
53
373
1225
919
126
595
1232
1142
159
746
597
181
1082
424
796
294
680
241
182
431
735
677
1059
902
946
582
1095
537
154
136
1195
150
946
526
804
695
553
916
913
15
119
1233
581
522
123
786
1039
29
598
770
11
820
203
705
244
467
282
41
1065
214
745
446
196
1003
180
528
358
385
319
297
1167
1081
134
45
627
653
244
1215
201
871
945
836
699
782
85
420
1182
368
902
818
1165
481
955
800
364
595
723
802
966
979
348
499
231
280
520
415
905
704
897
19
103
364
161
605
50
627
898
977
564
11
218
1140
836
166
804
500
882
670
1171
779
842
741
815
288
768
744
923
454
104
1095
187
325
109
901
921
938
1196
748
898
220
1088
566
38
36
645
359
58
1074
1129
1127
1080
1230
362
104
200
1095
489
36
1084
525
441
1033
1124
88
88
713
1231
731
379
793
213
1036
1049
886
208
925
80
354
55
868
249
1021
2
788
872
907
1195
876
18
1165
120
824
916
224
167
1054
187
794
501
980
907
403
5
1085
580
1002
370
33
665
245
315
316
721
966
870
300
179
662
408
968
18
935
738
618
1223
1139
224
234
358
724
1054
1210
977
1170
236
741
170
90
1186
1214
550
462
531
947
952
1056
135
601
1195
1121
162
469
781
496
1077
593
179
3
305
556
1167
464
437
911
59
60
975
18
466
353
942
1080
283
665
1042
421
1161
562
621
840
697
217
887
635
1005
415
499
559
980
666
642
77
87
1223
1124
412
883
536
643
1158
950
1110
186
121
737
1184
608
1017
321
601
707
1082
650
987
305
796
996
81
584
381
24
602
119
1213
878
427
1022
1150
381
677
360
115
1139
685
726
50
1206
795
411
1000
689
1220
999
652
763
755
1153
806
1216
737
587
881
577
135
1009
615
699
782
270
470
819
227
79
259
348
969
90
568
198
1056
329
614
548
767
1064
327
1167
835
251
1219
320
161
564
553
935
686
1031
301
641
667
404
255
655
128
1075
420
162
708
536
374
914
953
42
1146
958
448
561
787
1008
579
207
429
892
725
711
1092
832
162
551
245
385
837
159
680
8
349
47
216
442
456
201
222
876
341
747
185
170
1080
1101
565
111
494
280
214
873
32
102
709
262
253
679
301
233
331
1048
177
74
500
53
913
974
161
235
901
953
968
720
65
213
736
1026
1157
806
223
952
500
730
509
1060
1143
504
1049
501
97
416
47
1018
1130
673
432
839
589
321
201
682
299
580
156
777
56
171
1011
268
142
267
1032
1153
1169
619
474
582
463
72
884
749
1073
198
677
54
185
945
489
343
1174
220
852
937
735
95
584
211
704
1079
1029
347
134
297
441
926
63
55
155
627
246
1118
343
940
659
721
472
244
736
640
623
442
300
808
641
1039
147
646
475
286
349
1039
970
200
132
776
684
31
589
890
1015
653
333
1023
